 2000 3.5  0.0 2 Su  1.1589  1.9854 -1.0004  2.2647 -1.4606  0.9179 -0.7812 -0.1830  0.4431 -0.4315  1.1365
 2000 3.5  0.0 2 Sg  1.1626  1.9793 -0.9887  2.2345 -1.4157  0.9270 -0.7639 -0.1438  0.6759 -1.0266  1.4795
 2000 3.5  0.0 2 Sr  1.1051  1.6058 -0.6061  1.7707 -0.8791  0.9595 -0.4719 -0.0144  0.3938  0.0447  0.5729
 2000 3.5  0.0 2 Si  1.0207  1.1672 -0.1774  1.2096 -0.2495  0.9787 -0.1361  0.0907  0.5667  0.2545  0.0872
 2000 3.5  0.0 2 Sz  1.0047  1.0958 -0.1103  1.1175 -0.1490  0.9791 -0.0830  0.1360  0.5099  0.3745 -0.0209
 2000 4.0  0.0 2 Su  1.1436  1.8525 -0.8582  2.0969 -1.2591  0.9363 -0.6720 -0.1535  0.4366 -0.1775  0.8693
 2000 4.0  0.0 2 Sg  1.1479  1.8767 -0.8822  2.1083 -1.2684  0.9372 -0.6832 -0.1182  0.6097 -0.7199  1.2164
 2000 4.0  0.0 2 Sr  1.0897  1.5106 -0.5095  1.6525 -0.7433  0.9669 -0.3980 -0.0012  0.3962  0.2130  0.3899
 2000 4.0  0.0 2 Si  1.0054  1.1009 -0.1157  1.1209 -0.1525  0.9789 -0.0859  0.1186  0.6227  0.1696  0.0889
 2000 4.0  0.0 2 Sz  0.9963  1.0682 -0.0871  1.0791 -0.1094  0.9768 -0.0633  0.1786  0.4522  0.4086 -0.0387
 2000 4.5  0.0 2 Su  1.1289  1.7358 -0.7346  1.9502 -1.0848  0.9508 -0.5774 -0.1129  0.3667  0.1345  0.5948
 2000 4.5  0.0 2 Sg  1.1350  1.7902 -0.7931  2.0014 -1.1444  0.9452 -0.6154 -0.1037  0.5896 -0.5204  1.0243
 2000 4.5  0.0 2 Sr  1.0793  1.4481 -0.4464  1.5747 -0.6544  0.9714 -0.3497  0.0130  0.3803  0.3428  0.2625
 2000 4.5  0.0 2 Si  0.9984  1.0763 -0.0943  1.0866 -0.1165  0.9775 -0.0678  0.1389  0.6342  0.1204  0.1067
 2000 4.5  0.0 2 Sz  0.9939  1.0640 -0.0848  1.0716 -0.1026  0.9753 -0.0605  0.1936  0.4423  0.3841 -0.0187
 2000 5.0  0.0 2 Su  1.1137  1.6281 -0.6227  1.8146 -0.9258  0.9621 -0.4914 -0.0597  0.2569  0.4627  0.3302
 2000 5.0  0.0 2 Sg  1.1208  1.6957 -0.6959  1.8858 -1.0104  0.9537 -0.5419 -0.0721  0.4935 -0.1897  0.7605
 2000 5.0  0.0 2 Sr  1.0677  1.3818 -0.3803  1.4916 -0.5599  0.9755 -0.2987  0.0269  0.3833  0.4373  0.1515
 2000 5.0  0.0 2 Si  0.9934  1.0643 -0.0859  1.0686 -0.0993  0.9749 -0.0598  0.1648  0.6083  0.1065  0.1209
 2000 5.0  0.0 2 Sz  0.9902  1.0526 -0.0756  1.0542 -0.0846  0.9741 -0.0520  0.1977  0.4958  0.2693  0.0385
 2200 3.5  0.0 2 Su  1.1221  1.7285 -0.7340  1.9614 -1.1085  0.9420 -0.5840 -0.2011  0.3670  0.3967  0.3973
 2200 3.5  0.0 2 Sg  1.1512  1.8722 -0.8727  2.1115 -1.2683  0.9414 -0.6801 -0.0304  0.1301  0.0880  0.8062
 2200 3.5  0.0 2 Sr  1.1055  1.5937 -0.5910  1.7601 -0.8647  0.9628 -0.4625  0.0295  0.1560  0.4680  0.3466
 2200 3.5  0.0 2 Si  1.0234  1.1775 -0.1866  1.2232 -0.2640  0.9791 -0.1435  0.0796  0.5836  0.2344  0.1014
 2200 3.5  0.0 2 Sz  0.9931  1.0241 -0.0375  1.0277 -0.0458  0.9847 -0.0270  0.1349  0.5645  0.4201 -0.1198
 2200 4.0  0.0 2 Su  1.1113  1.6354 -0.6344  1.8366 -0.9579  0.9556 -0.5048 -0.1353  0.3192  0.5281  0.2620
 2200 4.0  0.0 2 Sg  1.1356  1.7712 -0.7693  1.9859 -1.1229  0.9502 -0.6011 -0.0147  0.1281  0.2749  0.6074
 2200 4.0  0.0 2 Sr  1.0858  1.4769 -0.4734  1.6133 -0.6968  0.9711 -0.3717  0.0239  0.2723  0.4899  0.2136
 2200 4.0  0.0 2 Si  1.0052  1.0998 -0.1146  1.1189 -0.1502  0.9791 -0.0848  0.1082  0.6717  0.0973  0.1222
 2200 4.0  0.0 2 Sz  0.9809  0.9806  0.0004  0.9688  0.0160  0.9823  0.0044  0.1793  0.5261  0.4360 -0.1411
 2200 4.5  0.0 2 Su  1.1023  1.5728 -0.5695  1.7481 -0.8530  0.9632 -0.4511 -0.1120  0.4467  0.3226  0.3252
 2200 4.5  0.0 2 Sg  1.1265  1.7223 -0.7212  1.9211 -1.0494  0.9530 -0.5625 -0.0289  0.2802  0.0897  0.6546
 2200 4.5  0.0 2 Sr  1.0743  1.4155 -0.4129  1.5341 -0.6073  0.9744 -0.3241  0.0156  0.3903  0.3881  0.2051
 2200 4.5  0.0 2 Si  0.9988  1.0819 -0.1006  1.0924 -0.1236  0.9766 -0.0721  0.1286  0.6890  0.0173  0.1647
 2200 4.5  0.0 2 Sz  0.9832  0.9991 -0.0192  0.9924 -0.0121  0.9799 -0.0109  0.2026  0.4221  0.5458 -0.1695
 2200 5.0  0.0 2 Su  1.0861  1.4680 -0.4622  1.6126 -0.6954  0.9729 -0.3672 -0.0725  0.4473  0.4384  0.1759
 2200 5.0  0.0 2 Sg  1.1119  1.6336 -0.6315  1.8096 -0.9215  0.9598 -0.4933 -0.0317  0.3612  0.1202  0.5462
 2200 5.0  0.0 2 Sr  1.0606  1.3410 -0.3395  1.4393 -0.5002  0.9783 -0.2668  0.0255  0.4392  0.4085  0.1260
 2200 5.0  0.0 2 Si  0.9937  1.0723 -0.0952  1.0772 -0.1103  0.9732 -0.0663  0.1593  0.6496  0.0096  0.1812
 2200 5.0  0.0 2 Sz  0.9814  1.0011 -0.0239  0.9922 -0.0142  0.9773 -0.0132  0.2215  0.4049  0.5081 -0.1330
 2400 3.5  0.0 2 Su  1.0644  1.3805 -0.3827  1.5261 -0.6099  0.9677 -0.3134 -0.3078  1.0013  0.1184  0.1402
 2400 3.5  0.0 2 Sg  1.1145  1.6070 -0.5961  1.7926 -0.8956  0.9685 -0.4735  0.0076 -0.0630  1.0233  0.0291
 2400 3.5  0.0 2 Sr  1.0794  1.4235 -0.4166  1.5521 -0.6243  0.9774 -0.3306  0.0568  0.0892  0.9204 -0.0647
 2400 3.5  0.0 2 Si  1.0086  1.1046 -0.1162  1.1281 -0.1578  0.9816 -0.0876  0.1038  0.6204  0.2268  0.0490
 2400 3.5  0.0 2 Sz  0.9523  0.8305  0.1475  0.7741  0.2354  0.9896  0.1208  0.1633  0.8175  0.1635 -0.1453
 2400 4.0  0.0 2 Su  1.0600  1.3350 -0.3330  1.4583 -0.5262  0.9762 -0.2715 -0.2133  0.8639  0.2415  0.0759
 2400 4.0  0.0 2 Sg  1.1003  1.5269 -0.5163  1.6901 -0.7789  0.9735 -0.4111  0.0212 -0.0133  1.0459 -0.0555
 2400 4.0  0.0 2 Sr  1.0594  1.3216 -0.3175  1.4188 -0.4748  0.9817 -0.2517  0.0558  0.2722  0.7338 -0.0603
 2400 4.0  0.0 2 Si  0.9903  1.0342 -0.0532  1.0318 -0.0549  0.9794 -0.0352  0.1511  0.6573  0.1195  0.0731
 2400 4.0  0.0 2 Sz  0.9390  0.7851  0.1863  0.7125  0.2991  0.9862  0.1531  0.1994  0.8177  0.1204 -0.1393
 2400 4.5  0.0 2 Su  1.0600  1.3340 -0.3316  1.4461 -0.5099  0.9778 -0.2665 -0.1051  0.6543  0.3655  0.0673
 2400 4.5  0.0 2 Sg  1.0967  1.5207 -0.5132  1.6771 -0.7665  0.9714 -0.4063  0.0391  0.0225  0.9117  0.0265
 2400 4.5  0.0 2 Sr  1.0509  1.2867 -0.2855  1.3702 -0.4218  0.9815 -0.2248  0.0556  0.3888  0.5422  0.0146
 2400 4.5  0.0 2 Si  0.9861  1.0312 -0.0545  1.0242 -0.0503  0.9755 -0.0344  0.1775  0.6386  0.0653  0.1198
 2400 4.5  0.0 2 Sz  0.9433  0.8068  0.1652  0.7429  0.2647  0.9851  0.1355  0.2050  0.7260  0.2588 -0.1922
 2400 5.0  0.0 2 Su  1.0457  1.2625 -0.2624  1.3452 -0.3955  0.9814 -0.2086 -0.0551  0.7249  0.2006  0.1189
 2400 5.0  0.0 2 Sg  1.0863  1.4761 -0.4719  1.6150 -0.6983  0.9717 -0.3717  0.0358  0.1828  0.6541  0.1272
 2400 5.0  0.0 2 Sr  1.0372  1.2263 -0.2289  1.2890 -0.3326  0.9821 -0.1786  0.0601  0.5215  0.3533  0.0661
 2400 5.0  0.0 2 Si  0.9814  1.0294 -0.0582  1.0184 -0.0489  0.9705 -0.0353  0.2136  0.5837  0.0526  0.1512
 2400 5.0  0.0 2 Sz  0.9467  0.8322  0.1386  0.7759  0.2255  0.9820  0.1145  0.2366  0.5721  0.4364 -0.2467
 2600 3.5  0.0 2 Su  0.9716  0.9284  0.0524  0.9237  0.0633  0.9833  0.0379 -0.2701  1.8601 -0.9662  0.3323
 2600 3.5  0.0 2 Sg  1.0341  1.1481 -0.1381  1.2055 -0.2264  0.9986 -0.1151 -0.0775  0.8071  0.3852 -0.1214
 2600 3.5  0.0 2 Sr  1.0012  1.0273 -0.0316  1.0381 -0.0488  0.9933 -0.0258  0.0948  0.5770  0.5514 -0.2220
 2600 3.5  0.0 2 Si  0.9394  0.8041  0.1638  0.7326  0.2731  0.9818  0.1374  0.2542  0.6750  0.2042 -0.1321
 2600 3.5  0.0 2 Sz  0.8559  0.4859  0.4479  0.2995  0.7349  0.9710  0.3731  0.3629  1.1921 -0.7220  0.1632
 2600 4.0  0.0 2 Su  0.9926  1.0125 -0.0242  1.0298 -0.0492  0.9857 -0.0224 -0.1915  1.4794 -0.5290  0.2098
 2600 4.0  0.0 2 Sg  1.0432  1.2029 -0.1933  1.2766 -0.3083  0.9942 -0.1588 -0.0201  0.5143  0.7249 -0.2230
 2600 4.0  0.0 2 Sr  1.0042  1.0585 -0.0657  1.0740 -0.0922  0.9886 -0.0506  0.1285  0.4924  0.5499 -0.1677
 2600 4.0  0.0 2 Si  0.9434  0.8376  0.1281  0.7737  0.2241  0.9774  0.1103  0.2965  0.5159  0.3371 -0.1464
 2600 4.0  0.0 2 Sz  0.8671  0.5193  0.4210  0.3498  0.6833  0.9746  0.3486  0.3078  1.2071 -0.6266  0.1052
 2600 4.5  0.0 2 Su  0.9918  1.0131 -0.0258  1.0219 -0.0398  0.9854 -0.0206 -0.0591  1.1445 -0.2159  0.1125
 2600 4.5  0.0 2 Sg  1.0389  1.1959 -0.1901  1.2642 -0.2976  0.9911 -0.1547  0.0354  0.3885  0.8255 -0.2506
 2600 4.5  0.0 2 Sr  0.9953  1.0310 -0.0433  1.0337 -0.0508  0.9859 -0.0306  0.1610  0.5073  0.4539 -0.1179
 2600 4.5  0.0 2 Si  0.9355  0.8212  0.1383  0.7493  0.2459  0.9726  0.1202  0.3478  0.4227  0.3900 -0.1568
 2600 4.5  0.0 2 Sz  0.8666  0.5206  0.4188  0.3534  0.6779  0.9734  0.3462  0.3036  1.1915 -0.5860  0.0823
 2600 5.0  0.0 2 Su  0.9895  1.0198 -0.0366  1.0212 -0.0418  0.9817 -0.0253  0.0661  0.8476  0.0098  0.0690
 2600 5.0  0.0 2 Sg  1.0409  1.2276 -0.2260  1.3005 -0.3428  0.9852 -0.1808  0.0924  0.2266  0.9139 -0.2313
 2600 5.0  0.0 2 Sr  0.9931  1.0384 -0.0547  1.0392 -0.0609  0.9815 -0.0377  0.1948  0.4517  0.4355 -0.0768
 2600 5.0  0.0 2 Si  0.9391  0.8559  0.1007  0.7936  0.1923  0.9672  0.0911  0.3838  0.2592  0.5465 -0.1859
 2600 5.0  0.0 2 Sz  0.8791  0.5639  0.3816  0.4162  0.6114  0.9759  0.3136  0.2687  1.1239 -0.3966 -0.0062
 2800 3.5  0.0 2 Su  0.8880  0.6266  0.3165  0.4965  0.5171  0.9693  0.2635  0.1014  1.6629 -1.2019  0.4127
 2800 3.5  0.0 2 Sg  0.9472  0.8030  0.1745  0.7299  0.2870  0.9921  0.1457  0.0996  1.2381 -0.5009  0.1622
 2800 3.5  0.0 2 Sr  0.8945  0.6464  0.3003  0.5157  0.5003  0.9723  0.2522  0.3322  0.8921 -0.2631  0.0369
 2800 3.5  0.0 2 Si  0.8326  0.4767  0.4308  0.2794  0.7306  0.9453  0.3653  0.5600  0.6919 -0.3384  0.0791
 2800 3.5  0.0 2 Sz  0.7543  0.2685  0.5881 -0.0137  1.0144  0.9096  0.5035  0.8740  0.3798 -0.4048  0.1387
 2800 4.0  0.0 2 Su  0.9133  0.7107  0.2452  0.6133  0.3962  0.9758  0.2029  0.0583  1.5303 -0.9044  0.2932
 2800 4.0  0.0 2 Sg  0.9695  0.8919  0.0939  0.8566  0.1491  0.9932  0.0767  0.0787  0.9659  0.0028 -0.0504
 2800 4.0  0.0 2 Sr  0.9176  0.7601  0.1906  0.6679  0.3298  0.9679  0.1631  0.4025  0.3750  0.4185 -0.1936
 2800 4.0  0.0 2 Si  0.8552  0.5582  0.3595  0.3960  0.6065  0.9489  0.3037  0.5436  0.4172  0.1814 -0.1493
 2800 4.0  0.0 2 Sz  0.7752  0.2946  0.5817  0.0325  0.9810  0.9270  0.4920  0.6489  0.9032 -0.8174  0.2465
 2800 4.5  0.0 2 Su  0.9168  0.7340  0.2212  0.6401  0.3654  0.9739  0.1851  0.1500  1.2204 -0.5664  0.1810
 2800 4.5  0.0 2 Sg  0.9675  0.8798  0.1062  0.8429  0.1645  0.9939  0.0856  0.0777  0.9528  0.0619 -0.0962
 2800 4.5  0.0 2 Sr  0.9229  0.7781  0.1753  0.6939  0.3025  0.9690  0.1497  0.3981  0.3107  0.5452 -0.2516
 2800 4.5  0.0 2 Si  0.8567  0.5596  0.3596  0.3999  0.6033  0.9501  0.3028  0.5314  0.4224  0.2117 -0.1733
 2800 4.5  0.0 2 Sz  0.7727  0.2714  0.6069  0.0008  1.0195  0.9308  0.5124  0.6040  1.1231 -1.0996  0.3532
 2800 5.0  0.0 2 Su  0.9176  0.7683  0.1807  0.6810  0.3126  0.9654  0.1549  0.2867  0.7470 -0.0595  0.0168
 2800 5.0  0.0 2 Sg  0.9762  0.9318  0.0538  0.9139  0.0823  0.9894  0.0427  0.1338  0.6104  0.5210 -0.2680
 2800 5.0  0.0 2 Sr  0.9294  0.8231  0.1287  0.7522  0.2340  0.9642  0.1130  0.4508  0.0550  0.8351 -0.3367
 2800 5.0  0.0 2 Si  0.8635  0.5980  0.3214  0.4533  0.5419  0.9472  0.2712  0.5461  0.2488  0.4628 -0.2668
 2800 5.0  0.0 2 Sz  0.7860  0.2946  0.5949  0.0386  0.9871  0.9399  0.4989  0.4770  1.3922 -1.2931  0.4005
 3000 3.5  0.0 2 Su  0.8435  0.5103  0.4034  0.3269  0.6823  0.9490  0.3420  0.3877  1.1867 -0.9295  0.3378
 3000 3.5  0.0 2 Sg  0.9018  0.6920  0.2539  0.5679  0.4410  0.9692  0.2185  0.3336  0.9390 -0.4737  0.2017
 3000 3.5  0.0 2 Sr  0.8277  0.4958  0.4017  0.3037  0.6921  0.9337  0.3437  0.5880  0.5952 -0.2996  0.1026
 3000 3.5  0.0 2 Si  0.7699  0.3679  0.4866  0.1268  0.8494  0.8992  0.4192  0.8411  0.1596 -0.0461  0.0211
 3000 3.5  0.0 2 Sz  0.7047  0.2288  0.5760 -0.0676  1.0200  0.8589  0.5001  1.1703 -0.4689  0.3869 -0.1214
 3000 4.0  0.0 2 Su  0.8220  0.4428  0.4591  0.2318  0.7795  0.9423  0.3899  0.5052  1.0170 -0.8294  0.2935
 3000 4.0  0.0 2 Sg  0.8778  0.5917  0.3464  0.4368  0.5826  0.9681  0.2926  0.3590  1.0345 -0.5773  0.1817
 3000 4.0  0.0 2 Sr  0.8225  0.4844  0.4093  0.2939  0.6982  0.9299  0.3481  0.5883  0.5350 -0.1603  0.0173
 3000 4.0  0.0 2 Si  0.7502  0.3067  0.5370  0.0479  0.9277  0.8921  0.4600  0.8480  0.2453 -0.1694  0.0435
 3000 4.0  0.0 2 Sz  0.6693  0.1285  0.6546 -0.2051  1.1549  0.8443  0.5673  1.2517 -0.4334  0.1786 -0.0370
 3000 4.5  0.0 2 Su  0.8257  0.4580  0.4451  0.2553  0.7534  0.9421  0.3773  0.4987  0.9519 -0.6944  0.2284
 3000 4.5  0.0 2 Sg  0.8762  0.5739  0.3660  0.4182  0.6050  0.9707  0.3062  0.3079  1.1664 -0.6595  0.1787
 3000 4.5  0.0 2 Sr  0.8317  0.5142  0.3843  0.3396  0.6500  0.9320  0.3252  0.5602  0.4612  0.0453 -0.0886
 3000 4.5  0.0 2 Si  0.7527  0.3056  0.5412  0.0508  0.9270  0.8950  0.4614  0.7840  0.3992 -0.2900  0.0700
 3000 4.5  0.0 2 Sz  0.6637  0.0953  0.6881 -0.2510  1.2081  0.8472  0.5949  1.2052 -0.1664 -0.1874  0.1072
 3000 5.0  0.0 2 Su  0.8440  0.5504  0.3554  0.3846  0.6068  0.9373  0.3025  0.5045  0.6240 -0.1843  0.0366
 3000 5.0  0.0 2 Sg  0.8989  0.6528  0.2978  0.5346  0.4811  0.9747  0.2459  0.2306  1.0639 -0.3180  0.0119
 3000 5.0  0.0 2 Sr  0.8553  0.6063  0.3014  0.4680  0.5115  0.9340  0.2552  0.5654  0.1274  0.5991 -0.3119
 3000 5.0  0.0 2 Si  0.7759  0.3717  0.4893  0.1473  0.8302  0.9039  0.4149  0.6819  0.4526 -0.1692 -0.0041
 3000 5.0  0.0 2 Sz  0.6868  0.1143  0.6930 -0.2198  1.1974  0.8701  0.5942  0.9613  0.5228 -0.8702  0.3438
 3200 3.5  0.0 2 Su  0.8346  0.5127  0.3896  0.3262  0.6715  0.9375  0.3338  0.4772  0.9509 -0.7479  0.3014
 3200 3.5  0.0 2 Sg  0.9086  0.7912  0.1421  0.6925  0.2855  0.9497  0.1332  0.3832  0.7093 -0.3986  0.3001
 3200 3.5  0.0 2 Sr  0.8102  0.5287  0.3407  0.3474  0.6112  0.9022  0.2983  0.6602  0.3344 -0.1495  0.1211
 3200 3.5  0.0 2 Si  0.7643  0.4335  0.4004  0.2194  0.7197  0.8725  0.3507  0.8633 -0.0965  0.2114 -0.0237
 3200 3.5  0.0 2 Sz  0.7165  0.3274  0.4710  0.0738  0.8490  0.8439  0.4129  1.1188 -0.6426  0.6848 -0.2123
 3200 4.0  0.0 2 Su  0.7941  0.3962  0.4817  0.1659  0.8297  0.9213  0.4122  0.6634  0.6634 -0.5532  0.2073
 3200 4.0  0.0 2 Sg  0.8571  0.5746  0.3419  0.4125  0.5871  0.9472  0.2921  0.4713  0.7397 -0.3400  0.1180
 3200 4.0  0.0 2 Sr  0.7917  0.4713  0.3879  0.2807  0.6750  0.8946  0.3336  0.6693  0.2825  0.0168 -0.0138
 3200 4.0  0.0 2 Si  0.7181  0.2933  0.5143  0.0374  0.8991  0.8549  0.4434  0.9219 -0.0288  0.0712 -0.0258
 3200 4.0  0.0 2 Sz  0.6433  0.1322  0.6187 -0.1894  1.0998  0.8093  0.5382  1.3065 -0.7436  0.5374 -0.1701
 3200 4.5  0.0 2 Su  0.7771  0.3586  0.5065  0.1172  0.8716  0.9107  0.4331  0.7219  0.5405 -0.4406  0.1532
 3200 4.5  0.0 2 Sg  0.8299  0.4703  0.4353  0.2743  0.7339  0.9434  0.3681  0.4894  0.9099 -0.5891  0.1740
 3200 4.5  0.0 2 Sr  0.7830  0.4332  0.4235  0.2346  0.7244  0.8943  0.3607  0.6479  0.3682 -0.0315 -0.0346
 3200 4.5  0.0 2 Si  0.6964  0.2293  0.5654 -0.0482  0.9835  0.8463  0.4862  0.9464  0.0547 -0.1047  0.0354
 3200 4.5  0.0 2 Sz  0.6095  0.0521  0.6748 -0.3008  1.2023  0.7909  0.5879  1.4174 -0.8385  0.4680 -0.1238
 3200 5.0  0.0 2 Su  0.7736  0.3747  0.4829  0.1451  0.8302  0.9009  0.4126  0.7225  0.4129 -0.2308  0.0600
 3200 5.0  0.0 2 Sg  0.8213  0.4364  0.4659  0.2323  0.7779  0.9422  0.3920  0.4480  1.0865 -0.7865  0.2300
 3200 5.0  0.0 2 Sr  0.7834  0.4287  0.4294  0.2335  0.7264  0.8955  0.3634  0.6135  0.4173 -0.0154 -0.0692
 3200 5.0  0.0 2 Si  0.6924  0.2155  0.5773 -0.0649  1.0002  0.8452  0.4954  0.9148  0.1750 -0.2476  0.0852
 3200 5.0  0.0 2 Sz  0.5995  0.0196  0.7020 -0.3469  1.2500  0.7882  0.6116  1.4224 -0.7272  0.2565 -0.0301
 3400 3.5  0.0 2 Su  0.8413  0.5778  0.3189  0.4108  0.5685  0.9272  0.2786  0.4627  0.9169 -0.7955  0.3904
 3400 3.5  0.0 2 Sg  0.9475  1.0493 -0.1233  1.0216 -0.0979  0.9250 -0.0727  0.2922  0.7654 -0.8339  0.7563
 3400 3.5  0.0 2 Sr  0.8200  0.7061  0.1379  0.5811  0.3156  0.8632  0.1400  0.6132  0.2419 -0.2999  0.3809
 3400 3.5  0.0 2 Si  0.7881  0.6151  0.2094  0.4691  0.4213  0.8485  0.1959  0.7590 -0.2057  0.3386  0.0364
 3400 3.5  0.0 2 Sz  0.7611  0.5163  0.2963  0.3387  0.5579  0.8432  0.2663  0.8916 -0.4723  0.6716 -0.1604
 3400 4.0  0.0 2 Su  0.7881  0.4220  0.4432  0.2051  0.7700  0.9057  0.3811  0.6603  0.5712 -0.4535  0.1884
 3400 4.0  0.0 2 Sg  0.8724  0.6982  0.2109  0.5857  0.3786  0.9293  0.1846  0.4295  0.5049  0.0021  0.0340
 3400 4.0  0.0 2 Sr  0.7979  0.6220  0.2129  0.4947  0.4004  0.8569  0.1913  0.6127  0.0075  0.3602 -0.0630
 3400 4.0  0.0 2 Si  0.7236  0.4035  0.3874  0.2051  0.6847  0.8272  0.3359  0.7851 -0.0747  0.2861 -0.0972
 3400 4.0  0.0 2 Sz  0.6578  0.2208  0.5291 -0.0493  0.9339  0.7993  0.4585  1.0640 -0.4180  0.3851 -0.1344
 3400 4.5  0.0 2 Su  0.7519  0.3386  0.5002  0.0950  0.8676  0.8844  0.4295  0.8006  0.2865 -0.2021  0.0714
 3400 4.5  0.0 2 Sg  0.8143  0.4747  0.4111  0.2893  0.6934  0.9215  0.3477  0.4755  0.8451 -0.5000  0.1405
 3400 4.5  0.0 2 Sr  0.7690  0.4876  0.3406  0.3258  0.5855  0.8588  0.2908  0.5638  0.3156  0.1035 -0.0754
 3400 4.5  0.0 2 Si  0.6741  0.2542  0.5083  0.0053  0.8833  0.8089  0.4369  0.8474  0.0993 -0.0878  0.0263
 3400 4.5  0.0 2 Sz  0.5894  0.0655  0.6342 -0.2633  1.1263  0.7595  0.5516  1.2896 -0.6655  0.3409 -0.0855
 3400 5.0  0.0 2 Su  0.7320  0.3126  0.5077  0.0653  0.8805  0.8664  0.4358  0.8525  0.1143 -0.0118 -0.0125
 3400 5.0  0.0 2 Sg  0.7823  0.3687  0.5007  0.1438  0.8433  0.9129  0.4233  0.5268  0.9961 -0.8315  0.2655
 3400 5.0  0.0 2 Sr  0.7501  0.3997  0.4242  0.2082  0.7157  0.8607  0.3586  0.5493  0.5719 -0.2395  0.0243
 3400 5.0  0.0 2 Si  0.6494  0.1828  0.5649 -0.0949  0.9831  0.7993  0.4860  0.9252  0.0902 -0.2205  0.0884
 3400 5.0  0.0 2 Sz  0.5570  0.0013  0.6728 -0.3556  1.2054  0.7384  0.5880  1.4566 -0.9604  0.4921 -0.1128
 3600 3.5  0.0 2 Su  0.8536  0.6998  0.1862  0.5759  0.3668  0.9069  0.1727  0.4089  0.8396 -0.7718  0.4791
 3600 3.5  0.0 2 Sg  0.9894  1.3144 -0.3934  1.3709 -0.5039  0.9008 -0.2873  0.2847  0.3111 -0.4180  0.7900
 3600 3.5  0.0 2 Sr  0.8565  1.0422 -0.2249  1.0148 -0.2092  0.8127 -0.1421  0.6298 -0.2219 -0.1886  0.6911
 3600 3.5  0.0 2 Si  0.8194  0.8233 -0.0046  0.7609  0.0774  0.8254  0.0193  0.7150 -0.7150  1.1107 -0.2059
 3600 3.5  0.0 2 Sz  0.7990  0.6483  0.1824  0.5428  0.3384  0.8491  0.1622  0.6096 -0.2469  0.8515 -0.3085
 3600 4.0  0.0 2 Su  0.7838  0.5037  0.3391  0.3239  0.6074  0.8753  0.2966  0.6621  0.2794 -0.0967  0.0943
 3600 4.0  0.0 2 Sg  0.9023  0.9256 -0.0282  0.8897  0.0166  0.9005 -0.0059  0.3854  0.1992  0.2606  0.1035
 3600 4.0  0.0 2 Sr  0.8233  0.8802 -0.0688  0.8358 -0.0165  0.8138 -0.0309  0.7038 -0.7617  1.0916 -0.1374
 3600 4.0  0.0 2 Si  0.7458  0.5862  0.1932  0.4631  0.3733  0.8001  0.1760  0.7211 -0.4456  0.8485 -0.2537
 3600 4.0  0.0 2 Sz  0.6916  0.3788  0.3787  0.1852  0.6689  0.7929  0.3283  0.7546 -0.0482  0.2312 -0.0754
 3600 4.5  0.0 2 Su  0.7343  0.3814  0.4272  0.1691  0.7465  0.8478  0.3681  0.7923  0.0118  0.1996 -0.0846
 3600 4.5  0.0 2 Sg  0.8142  0.5589  0.3091  0.4204  0.5203  0.8948  0.2610  0.3932  0.6931 -0.1715  0.0120
 3600 4.5  0.0 2 Sr  0.7770  0.6344  0.1726  0.5415  0.3111  0.8235  0.1507  0.5863 -0.3640  1.1079 -0.4553
 3600 4.5  0.0 2 Si  0.6724  0.3434  0.3983  0.1501  0.6898  0.7777  0.3414  0.7094  0.0267  0.2167 -0.1127
 3600 4.5  0.0 2 Sz  0.5894  0.1265  0.5604 -0.1529  0.9805  0.7386  0.4836  0.9616 -0.0580 -0.1526  0.0758
 3600 5.0  0.0 2 Su  0.7015  0.3104  0.4735  0.0786  0.8227  0.8270  0.4067  0.8331  0.0049  0.1342 -0.0710
 3600 5.0  0.0 2 Sg  0.7597  0.3705  0.4711  0.1633  0.7877  0.8821  0.3967  0.4398  1.0887 -0.8873  0.2764
 3600 5.0  0.0 2 Sr  0.7359  0.4480  0.3485  0.2979  0.5785  0.8259  0.2919  0.4305  0.5419 -0.0273 -0.0866
 3600 5.0  0.0 2 Si  0.6266  0.2079  0.5068 -0.0351  0.8740  0.7604  0.4338  0.7640  0.2627 -0.2927  0.0944
 3600 5.0  0.0 2 Sz  0.5349  0.0188  0.6247 -0.3058  1.1103  0.7026  0.5438  1.2195 -0.5036  0.0616  0.0397
 3800 3.5  0.0 2 Su  0.8593  0.8226  0.0444  0.7325  0.1676  0.8790  0.0638  0.5103  0.3782 -0.4303  0.4882
 3800 3.5  0.0 2 Sg  1.0167  1.4552 -0.5308  1.5621 -0.7203  0.8935 -0.3997  0.3808 -0.4050  0.5570  0.4381
 3800 3.5  0.0 2 Sr  0.9199  1.3474 -0.5176  1.4012 -0.6357  0.8055 -0.3708  0.7036 -0.8221  0.2817  0.7635
 3800 3.5  0.0 2 Si  0.8554  0.9565 -0.1224  0.9455 -0.1191  0.8307 -0.0801  0.7137 -1.1512  1.8468 -0.4998
 3800 3.5  0.0 2 Sz  0.8217  0.6945  0.1540  0.6246  0.2602  0.8616  0.1295  0.4385 -0.1103  1.0649 -0.4973
 3800 4.0  0.0 2 Su  0.7690  0.5763  0.2333  0.4137  0.4694  0.8363  0.2181  0.8750 -0.4471  0.5237 -0.0243
 3800 4.0  0.0 2 Sg  0.9271  1.1127 -0.2246  1.1284 -0.2658  0.8783 -0.1584  0.4660 -0.2858  0.6202  0.1454
 3800 4.0  0.0 2 Sr  0.8706  1.1098 -0.2895  1.1234 -0.3339  0.8082 -0.2023  0.8280 -1.4102  1.6598 -0.1628
 3800 4.0  0.0 2 Si  0.7764  0.7321  0.0536  0.6574  0.1572  0.7959  0.0631  0.7421 -0.8433  1.3625 -0.3891
 3800 4.0  0.0 2 Sz  0.7155  0.4908  0.2720  0.3504  0.4823  0.7883  0.2361  0.6069 -0.0278  0.4269 -0.1625
 3800 4.5  0.0 2 Su  0.7129  0.4254  0.3480  0.2271  0.6417  0.8081  0.3087  1.0409 -0.8874  1.1411 -0.3887
 3800 4.5  0.0 2 Sg  0.8288  0.7047  0.1503  0.6137  0.2841  0.8706  0.1352  0.5072  0.0163  0.5781 -0.1825
 3800 4.5  0.0 2 Sr  0.8078  0.7830  0.0301  0.7330  0.0989  0.8194  0.0376  0.7458 -1.1654  2.0653 -0.7558
 3800 4.5  0.0 2 Si  0.6956  0.4644  0.2799  0.3168  0.5004  0.7708  0.2439  0.7257 -0.3861  0.8169 -0.3202
 3800 4.5  0.0 2 Sz  0.6111  0.2435  0.4449  0.0229  0.7769  0.7293  0.3834  0.7736  0.0391 -0.0259  0.0128
 3800 5.0  0.0 2 Su  0.6736  0.3299  0.4160  0.1109  0.7431  0.7853  0.3624  1.0582 -0.8677  1.1322 -0.4418
 3800 5.0  0.0 2 Sg  0.7461  0.4092  0.4078  0.2247  0.6887  0.8525  0.3450  0.5160  0.6261 -0.3049  0.0581
 3800 5.0  0.0 2 Sr  0.7359  0.4834  0.3057  0.3511  0.5082  0.8148  0.2557  0.5400 -0.0155  0.7413 -0.4102
 3800 5.0  0.0 2 Si  0.6198  0.2429  0.4563  0.0246  0.7861  0.7402  0.3902  0.7465  0.0676  0.0451 -0.0538
 3800 5.0  0.0 2 Sz  0.5282  0.0660  0.5595 -0.2180  0.9856  0.6777  0.4847  0.9924 -0.1512 -0.1814  0.1105
 4000 3.5  0.0 2 Su  0.7129  0.5316  0.2194  0.3339  0.5006  0.7810  0.2210  1.3908 -1.7430  1.5889 -0.3096
 4000 3.5  0.0 2 Sg  0.8541  0.9339 -0.0966  0.9109 -0.0751  0.8362 -0.0579  0.6595 -0.8383  1.3941 -0.3039
 4000 3.5  0.0 2 Sr  0.8303  0.8284  0.0024  0.7985  0.0421  0.8339  0.0115  0.5849 -0.8045  1.7564 -0.6479
 4000 3.5  0.0 2 Si  0.7188  0.5842  0.1630  0.4941  0.2969  0.7630  0.1430  0.6300 -0.5982  1.3318 -0.5456
 4000 3.5  0.0 2 Sz  0.6316  0.4226  0.2531  0.2935  0.4467  0.6991  0.2187  0.6850 -0.5258  1.0416 -0.4421
 4000 4.0  0.0 2 Su  0.7322  0.5212  0.2554  0.3277  0.5341  0.8075  0.2441  1.1843 -1.1641  1.1021 -0.1922
 4000 4.0  0.0 2 Sg  0.8897  0.9902 -0.1217  0.9729 -0.1099  0.8660 -0.0767  0.5983 -0.5915  1.0586 -0.1266
 4000 4.0  0.0 2 Sr  0.8794  1.0132 -0.1619  1.0202 -0.1859  0.8443 -0.1139  0.7834 -1.5548  2.4641 -0.7650
 4000 4.0  0.0 2 Si  0.7596  0.6608  0.1197  0.5713  0.2487  0.7946  0.1133  0.7431 -0.8360  1.4766 -0.5184
 4000 4.0  0.0 2 Sz  0.6665  0.4240  0.2936  0.2712  0.5222  0.7452  0.2552  0.7074 -0.3072  0.6726 -0.2638
 4000 4.5  0.0 2 Su  0.6878  0.4334  0.3080  0.2205  0.6171  0.7762  0.2866  1.3362 -1.6093  1.6400 -0.4580
 4000 4.5  0.0 2 Sg  0.8490  0.8749 -0.0314  0.8267  0.0295  0.8477 -0.0041  0.6574 -0.6252  1.0903 -0.2007
 4000 4.5  0.0 2 Sr  0.8389  0.8968 -0.0702  0.8733 -0.0455  0.8264 -0.0403  0.7982 -1.4389  2.3105 -0.7625
 4000 4.5  0.0 2 Si  0.7225  0.5880  0.1629  0.4808  0.3192  0.7685  0.1492  0.7737 -0.8289  1.3949 -0.4983
 4000 4.5  0.0 2 Sz  0.6345  0.3799  0.3082  0.2187  0.5493  0.7173  0.2683  0.7355 -0.3473  0.6402 -0.2442
 4000 5.0  0.0 2 Su  0.6503  0.3319  0.3855  0.1011  0.7254  0.7569  0.3455  1.4033 -1.8483  2.0707 -0.7375
 4000 5.0  0.0 2 Sg  0.7541  0.5177  0.2862  0.3686  0.5092  0.8309  0.2489  0.6736 -0.1340  0.5720 -0.2196
 4000 5.0  0.0 2 Sr  0.7457  0.5286  0.2628  0.4046  0.4505  0.8146  0.2233  0.6523 -0.4120  1.1695 -0.5420
 4000 5.0  0.0 2 Si  0.6315  0.3141  0.3843  0.1253  0.6687  0.7333  0.3301  0.7699 -0.2631  0.5367 -0.2428
 4000 5.0  0.0 2 Sz  0.5427  0.1645  0.4578 -0.0662  0.8042  0.6648  0.3958  0.8467 -0.1680  0.0818 -0.0183
 4200 3.5  0.0 2 Su  0.7005  0.5558  0.1751  0.3675  0.4397  0.7582  0.1872  1.4813 -2.0976  1.9413 -0.4102
 4200 3.5  0.0 2 Sg  0.8224  0.8783 -0.0677  0.8452 -0.0301  0.8117 -0.0346  0.7016 -0.9475  1.5064 -0.3714
 4200 3.5  0.0 2 Sr  0.7692  0.7004  0.0832  0.6345  0.1778  0.7938  0.0799  0.6208 -0.6568  1.3944 -0.5061
 4200 3.5  0.0 2 Si  0.6689  0.5225  0.1773  0.4237  0.3239  0.7170  0.1559  0.6461 -0.6069  1.2278 -0.4926
 4200 3.5  0.0 2 Sz  0.5958  0.4086  0.2265  0.2886  0.4056  0.6566  0.1972  0.6937 -0.6592  1.1595 -0.4764
 4200 4.0  0.0 2 Su  0.7462  0.5736  0.2090  0.3892  0.4716  0.8108  0.2093  1.2089 -1.2359  1.0938 -0.1269
 4200 4.0  0.0 2 Sg  0.8842  0.9596 -0.0913  0.9345 -0.0664  0.8677 -0.0533  0.6119 -0.6153  1.1342 -0.1913
 4200 4.0  0.0 2 Sr  0.8690  0.8714 -0.0029  0.8425  0.0350  0.8713  0.0076  0.5732 -0.7228  1.6853 -0.6096
 4200 4.0  0.0 2 Si  0.7494  0.5946  0.1874  0.4873  0.3461  0.8005  0.1659  0.7095 -0.6483  1.3222 -0.5191
 4200 4.0  0.0 2 Sz  0.6535  0.4135  0.2905  0.2597  0.5201  0.7316  0.2532  0.7962 -0.6164  1.0356 -0.4124
 4200 4.5  0.0 2 Su  0.7240  0.5720  0.1840  0.3973  0.4315  0.7821  0.1886  1.2469 -1.4785  1.3933 -0.2474
 4200 4.5  0.0 2 Sg  0.8997  1.0246 -0.1511  1.0261 -0.1669  0.8677 -0.1037  0.5391 -0.5866  1.1795 -0.1986
 4200 4.5  0.0 2 Sr  0.8930  0.9930 -0.1210  1.0093 -0.1536  0.8654 -0.0895  0.5695 -1.0566  2.1775 -0.7685
 4200 4.5  0.0 2 Si  0.7736  0.6717  0.1234  0.5959  0.2347  0.8079  0.1109  0.5782 -0.4646  1.2198 -0.4732
 4200 4.5  0.0 2 Sz  0.6790  0.4470  0.2808  0.3079  0.4901  0.7535  0.2416  0.5843 -0.0340  0.4540 -0.1995
 4200 5.0  0.0 2 Su  0.6650  0.3975  0.3238  0.1777  0.6436  0.7574  0.2996  1.4486 -1.9773  2.0851 -0.6580
 4200 5.0  0.0 2 Sg  0.8071  0.7303  0.0930  0.6432  0.2165  0.8363  0.0947  0.6700 -0.4712  0.9414 -0.2346
 4200 5.0  0.0 2 Sr  0.7930  0.6701  0.1488  0.5843  0.2757  0.8337  0.1319  0.5871 -0.3915  1.1394 -0.4485
 4200 5.0  0.0 2 Si  0.6795  0.4485  0.2796  0.3022  0.4982  0.7545  0.2432  0.7068 -0.3559  0.7739 -0.3067
 4200 5.0  0.0 2 Sz  0.5916  0.3004  0.3525  0.1181  0.6253  0.6860  0.3062  0.7708 -0.3111  0.4699 -0.1732
 4400 3.5  0.0 2 Su  0.7175  0.6377  0.0965  0.4853  0.3066  0.7547  0.1208  1.3191 -1.8332  1.7053 -0.2928
 4400 3.5  0.0 2 Sg  0.8154  0.8525 -0.0449  0.8182 -0.0037  0.8097 -0.0186  0.6440 -0.8024  1.4125 -0.3747
 4400 3.5  0.0 2 Sr  0.7474  0.6523  0.1151  0.5783  0.2234  0.7796  0.1046  0.6017 -0.5781  1.3159 -0.5051
 4400 3.5  0.0 2 Si  0.6520  0.4907  0.1953  0.3872  0.3498  0.7044  0.1700  0.6302 -0.5459  1.1529 -0.4778
 4400 3.5  0.0 2 Sz  0.5817  0.3843  0.2389  0.2610  0.4235  0.6455  0.2069  0.6770 -0.5985  1.0798 -0.4539
 4400 4.0  0.0 2 Su  0.7762  0.6515  0.1509  0.4879  0.3808  0.8263  0.1623  1.1523 -1.1581  1.0168 -0.0584
 4400 4.0  0.0 2 Sg  0.8807  0.9250 -0.0536  0.8898 -0.0120  0.8733 -0.0240  0.5993 -0.5284  1.0723 -0.2016
 4400 4.0  0.0 2 Sr  0.8374  0.7333  0.1260  0.6519  0.2450  0.8729  0.1150  0.5647 -0.2644  0.9695 -0.3437
 4400 4.0  0.0 2 Si  0.7262  0.5181  0.2519  0.3812  0.4557  0.7943  0.2208  0.7468 -0.5214  1.0427 -0.4062
 4400 4.0  0.0 2 Sz  0.6408  0.3874  0.3068  0.2238  0.5508  0.7235  0.2679  0.8441 -0.6929  1.0676 -0.4192
 4400 4.5  0.0 2 Su  0.7097  0.5089  0.2431  0.3034  0.5365  0.7836  0.2398  1.4210 -1.8049  1.6836 -0.3688
 4400 4.5  0.0 2 Sg  0.8462  0.8813 -0.0425  0.8363  0.0130  0.8422 -0.0130  0.7151 -0.8569  1.3826 -0.3197
 4400 4.5  0.0 2 Sr  0.8073  0.7226  0.1026  0.6455  0.2138  0.8373  0.0972  0.6545 -0.6164  1.3333 -0.4719
 4400 4.5  0.0 2 Si  0.6976  0.5193  0.2158  0.3965  0.3977  0.7565  0.1910  0.7548 -0.6959  1.2445 -0.4782
 4400 4.5  0.0 2 Sz  0.6164  0.3943  0.2689  0.2490  0.4853  0.6890  0.2354  0.7951 -0.7222  1.1342 -0.4465
 4400 5.0  0.0 2 Su  0.6847  0.4762  0.2525  0.2694  0.5486  0.7608  0.2466  1.4498 -1.9435  1.8669 -0.4641
 4400 5.0  0.0 2 Sg  0.8514  0.8996 -0.0584  0.8633 -0.0157  0.8431 -0.0270  0.6874 -0.8440  1.4116 -0.3359
 4400 5.0  0.0 2 Sr  0.8260  0.7696  0.0682  0.7125  0.1498  0.8465  0.0665  0.5906 -0.5890  1.4259 -0.5259
 4400 5.0  0.0 2 Si  0.7162  0.5517  0.1991  0.4403  0.3643  0.7703  0.1754  0.6856 -0.5642  1.1702 -0.4596
 4400 5.0  0.0 2 Sz  0.6313  0.4081  0.2701  0.2660  0.4825  0.7038  0.2352  0.7277 -0.5183  0.9344 -0.3749
 4600 3.5  0.0 2 Su  0.7376  0.6924  0.0547  0.5623  0.2314  0.7635  0.0841  1.2598 -1.8361  1.8338 -0.3567
 4600 3.5  0.0 2 Sg  0.8010  0.8111 -0.0123  0.7674  0.0443  0.8031  0.0070  0.6437 -0.7646  1.3827 -0.3909
 4600 3.5  0.0 2 Sr  0.7206  0.5997  0.1464  0.5142  0.2727  0.7607  0.1301  0.5990 -0.5051  1.1860 -0.4654
 4600 3.5  0.0 2 Si  0.6288  0.4542  0.2113  0.3443  0.3758  0.6853  0.1833  0.6264 -0.4994  1.0537 -0.4407
 4600 3.5  0.0 2 Sz  0.5588  0.3530  0.2491  0.2250  0.4408  0.6253  0.2157  0.6680 -0.5433  0.9632 -0.4041
 4600 4.0  0.0 2 Su  0.8031  0.7308  0.0874  0.5918  0.2791  0.8371  0.1102  1.1001 -1.1446  1.0464 -0.0413
 4600 4.0  0.0 2 Sg  0.8757  0.8922 -0.0200  0.8496  0.0344  0.8762  0.0016  0.5741 -0.4297  1.0107 -0.2153
 4600 4.0  0.0 2 Sr  0.8053  0.6552  0.1817  0.5473  0.3407  0.8554  0.1625  0.6442 -0.3248  0.9254 -0.3292
 4600 4.0  0.0 2 Si  0.7038  0.4731  0.2793  0.3231  0.5028  0.7791  0.2443  0.7670 -0.4864  0.9238 -0.3556
 4600 4.0  0.0 2 Sz  0.6288  0.3611  0.3241  0.1906  0.5788  0.7159  0.2823  0.8238 -0.5711  0.8822 -0.3446
 4600 4.5  0.0 2 Su  0.7280  0.5498  0.2157  0.3546  0.4931  0.7950  0.2175  1.3984 -1.7866  1.6842 -0.3547
 4600 4.5  0.0 2 Sg  0.8355  0.8420 -0.0078  0.7867  0.0645  0.8400  0.0143  0.7336 -0.8777  1.4361 -0.3736
 4600 4.5  0.0 2 Sr  0.7710  0.6482  0.1487  0.5494  0.2926  0.8131  0.1365  0.7337 -0.7299  1.3730 -0.4949
 4600 4.5  0.0 2 Si  0.6691  0.4765  0.2331  0.3439  0.4294  0.7327  0.2063  0.8032 -0.7937  1.2889 -0.4925
 4600 4.5  0.0 2 Sz  0.5967  0.3699  0.2746  0.2201  0.4974  0.6710  0.2408  0.8294 -0.8103  1.1911 -0.4644
 4600 5.0  0.0 2 Su  0.6916  0.4785  0.2579  0.2680  0.5595  0.7692  0.2516  1.4765 -1.9883  1.9104 -0.4785
 4600 5.0  0.0 2 Sg  0.8291  0.8384 -0.0113  0.7843  0.0592  0.8326  0.0115  0.7362 -0.9009  1.4557 -0.3796
 4600 5.0  0.0 2 Sr  0.7750  0.6591  0.1404  0.5657  0.2765  0.8148  0.1289  0.6924 -0.6383  1.2889 -0.4633
 4600 5.0  0.0 2 Si  0.6728  0.4842  0.2283  0.3555  0.4190  0.7350  0.2016  0.7636 -0.6959  1.1945 -0.4577
 4600 5.0  0.0 2 Sz  0.5988  0.3744  0.2716  0.2279  0.4899  0.6722  0.2377  0.7907 -0.7119  1.0939 -0.4293
 4800 3.5  0.0 2 Su  0.7609  0.7413  0.0237  0.6328  0.1691  0.7778  0.0551  1.1748 -1.7647  1.9149 -0.4197
 4800 3.5  0.0 2 Sg  0.7905  0.7766  0.0168  0.7259  0.0854  0.7996  0.0293  0.6505 -0.7772  1.4411 -0.4487
 4800 3.5  0.0 2 Sr  0.7016  0.5641  0.1664  0.4701  0.3059  0.7470  0.1470  0.5918 -0.4200  1.0320 -0.4035
 4800 3.5  0.0 2 Si  0.6120  0.4258  0.2254  0.3095  0.3995  0.6722  0.1953  0.6172 -0.4231  0.9145 -0.3823
 4800 3.5  0.0 2 Sz  0.5415  0.3288  0.2575  0.1963  0.4559  0.6103  0.2231  0.6616 -0.4897  0.8493 -0.3526
 4800 4.0  0.0 2 Su  0.8329  0.8087  0.0293  0.6967  0.1799  0.8516  0.0607  1.0195 -1.0845  1.0831 -0.0498
 4800 4.0  0.0 2 Sg  0.8721  0.8583  0.0167  0.8056  0.0878  0.8814  0.0303  0.5479 -0.2895  0.8720 -0.1896
 4800 4.0  0.0 2 Sr  0.7844  0.5991  0.2243  0.4750  0.4086  0.8453  0.1975  0.6511 -0.2383  0.7780 -0.2855
 4800 4.0  0.0 2 Si  0.6896  0.4359  0.3071  0.2748  0.5478  0.7721  0.2673  0.7603 -0.3817  0.7554 -0.2931
 4800 4.0  0.0 2 Sz  0.6190  0.3300  0.3499  0.1480  0.6221  0.7128  0.3041  0.8222 -0.4670  0.7040 -0.2718
 4800 4.5  0.0 2 Su  0.7478  0.6075  0.1698  0.4318  0.4173  0.8031  0.1792  1.3318 -1.6997  1.6277 -0.3154
 4800 4.5  0.0 2 Sg  0.8282  0.8082  0.0242  0.7447  0.1103  0.8403  0.0391  0.7225 -0.8115  1.3921 -0.3875
 4800 4.5  0.0 2 Sr  0.7481  0.5967  0.1832  0.4865  0.3454  0.7987  0.1642  0.7285 -0.6544  1.2624 -0.4706
 4800 4.5  0.0 2 Si  0.6514  0.4431  0.2521  0.3043  0.4585  0.7197  0.2216  0.7904 -0.7228  1.1837 -0.4601
 4800 4.5  0.0 2 Sz  0.5822  0.3428  0.2899  0.1871  0.5218  0.6604  0.2534  0.8248 -0.7588  1.1007 -0.4318
 4800 5.0  0.0 2 Su  0.7014  0.5061  0.2364  0.3037  0.5252  0.7735  0.2340  1.4502 -1.9490  1.8727 -0.4510
 4800 5.0  0.0 2 Sg  0.8139  0.7950  0.0229  0.7297  0.1113  0.8259  0.0388  0.7636 -0.9402  1.5109 -0.4290
 4800 5.0  0.0 2 Sr  0.7421  0.6031  0.1683  0.4974  0.3232  0.7891  0.1524  0.7406 -0.7307  1.3402 -0.4922
 4800 5.0  0.0 2 Si  0.6447  0.4486  0.2373  0.3147  0.4359  0.7094  0.2097  0.7960 -0.7837  1.2470 -0.4775
 4800 5.0  0.0 2 Sz  0.5756  0.3485  0.2748  0.1987  0.4977  0.6499  0.2410  0.8222 -0.8050  1.1563 -0.4493
 5000 3.5  0.0 2 Su  0.7832  0.7304  0.0639  0.6046  0.2360  0.8106  0.0888  1.2066 -1.6975  1.8206 -0.3890
 5000 3.5  0.0 2 Sg  0.7885  0.7483  0.0486  0.6764  0.1480  0.8066  0.0587  0.7522 -0.8996  1.4680 -0.4373
 5000 3.5  0.0 2 Sr  0.6946  0.5375  0.1902  0.4242  0.3572  0.7471  0.1701  0.7253 -0.6676  1.2025 -0.4460
 5000 3.5  0.0 2 Si  0.6040  0.4007  0.2462  0.2668  0.4455  0.6706  0.2157  0.7507 -0.6885  1.1141 -0.4381
 5000 3.5  0.0 2 Sz  0.5346  0.3067  0.2759  0.1583  0.4970  0.6090  0.2413  0.7867 -0.7444  1.0481 -0.4103
 5000 4.0  0.0 2 Su  0.8147  0.7538  0.0738  0.6303  0.2436  0.8440  0.0950  1.0549 -1.1872  1.2718 -0.1794
 5000 4.0  0.0 2 Sg  0.8241  0.7635  0.0734  0.6824  0.1872  0.8485  0.0791  0.7190 -0.6696  1.2098 -0.3369
 5000 4.0  0.0 2 Sr  0.7278  0.5324  0.2365  0.3950  0.4395  0.7927  0.2105  0.7925 -0.6272  1.0950 -0.3938
 5000 4.0  0.0 2 Si  0.6360  0.3892  0.2988  0.2254  0.5423  0.7170  0.2625  0.8630 -0.7361  1.0720 -0.4029
 5000 4.0  0.0 2 Sz  0.5666  0.2925  0.3319  0.1119  0.6006  0.6564  0.2912  0.9190 -0.8356  1.0471 -0.3899
 5000 4.5  0.0 2 Su  0.7511  0.6301  0.1465  0.4662  0.3763  0.8002  0.1590  1.2967 -1.6913  1.6670 -0.3343
 5000 4.5  0.0 2 Sg  0.8057  0.7600  0.0553  0.6851  0.1593  0.8256  0.0643  0.7727 -0.9283  1.5217 -0.4622
 5000 4.5  0.0 2 Sr  0.7165  0.5503  0.2012  0.4314  0.3765  0.7719  0.1796  0.7679 -0.7442  1.3131 -0.4944
 5000 4.5  0.0 2 Si  0.6228  0.4092  0.2585  0.2670  0.4699  0.6928  0.2271  0.8137 -0.7998  1.2333 -0.4809
 5000 4.5  0.0 2 Sz  0.5546  0.3156  0.2893  0.1590  0.5225  0.6327  0.2534  0.8451 -0.8425  1.1581 -0.4517
 5000 5.0  0.0 2 Su  0.7110  0.5472  0.1983  0.3608  0.4626  0.7734  0.2023  1.3979 -1.8922  1.8353 -0.4220
 5000 5.0  0.0 2 Sg  0.8003  0.7590  0.0500  0.6862  0.1507  0.8188  0.0599  0.7754 -0.9615  1.5602 -0.4768
 5000 5.0  0.0 2 Sr  0.7180  0.5602  0.1911  0.4465  0.3586  0.7707  0.1708  0.7511 -0.7354  1.3237 -0.4997
 5000 5.0  0.0 2 Si  0.6234  0.4176  0.2492  0.2800  0.4536  0.6910  0.2191  0.7968 -0.7857  1.2329 -0.4810
 5000 5.0  0.0 2 Sz  0.5558  0.3239  0.2807  0.1723  0.5065  0.6316  0.2457  0.8214 -0.8118  1.1457 -0.4497
 5200 3.5  0.0 2 Su  0.7918  0.7516  0.0487  0.6419  0.1980  0.8142  0.0726  1.0920 -1.4950  1.7157 -0.3809
 5200 3.5  0.0 2 Sg  0.7752  0.7144  0.0736  0.6375  0.1820  0.7991  0.0774  0.7514 -0.9072  1.5224 -0.4931
 5200 3.5  0.0 2 Sr  0.6757  0.5085  0.2025  0.3907  0.3764  0.7313  0.1801  0.7339 -0.6840  1.2017 -0.4530
 5200 3.5  0.0 2 Si  0.5863  0.3748  0.2560  0.2366  0.4618  0.6554  0.2240  0.7652 -0.7206  1.1254 -0.4459
 5200 3.5  0.0 2 Sz  0.5172  0.2880  0.2775  0.1384  0.5004  0.5921  0.2428  0.8009 -0.7979  1.0866 -0.4253
 5200 4.0  0.0 2 Su  0.8229  0.7732  0.0602  0.6628  0.2115  0.8479  0.0809  0.9956 -1.1381  1.3331 -0.2340
 5200 4.0  0.0 2 Sg  0.8093  0.7297  0.0964  0.6416  0.2215  0.8393  0.0972  0.7479 -0.7483  1.3185 -0.4041
 5200 4.0  0.0 2 Sr  0.7075  0.5019  0.2488  0.3586  0.4608  0.7757  0.2211  0.8196 -0.6857  1.1255 -0.4076
 5200 4.0  0.0 2 Si  0.6174  0.3634  0.3075  0.1953  0.5575  0.7007  0.2700  0.8812 -0.7777  1.0876 -0.4098
 5200 4.0  0.0 2 Sz  0.5479  0.2727  0.3331  0.0906  0.6040  0.6382  0.2926  0.9376 -0.9004  1.0932 -0.4062
 5200 4.5  0.0 2 Su  0.7654  0.6737  0.1110  0.5303  0.3106  0.8047  0.1274  1.2182 -1.6183  1.6926 -0.3580
 5200 4.5  0.0 2 Sg  0.7945  0.7308  0.0771  0.6508  0.1898  0.8194  0.0809  0.7765 -0.9388  1.5642 -0.5055
 5200 4.5  0.0 2 Sr  0.6981  0.5182  0.2179  0.3929  0.4032  0.7577  0.1933  0.7733 -0.7286  1.2644 -0.4807
 5200 4.5  0.0 2 Si  0.6063  0.3826  0.2707  0.2356  0.4896  0.6795  0.2372  0.8156 -0.7832  1.1862 -0.4657
 5200 4.5  0.0 2 Sz  0.5382  0.2943  0.2953  0.1350  0.5326  0.6179  0.2584  0.8483 -0.8447  1.1323 -0.4414
 5200 5.0  0.0 2 Su  0.7266  0.5992  0.1542  0.4341  0.3863  0.7773  0.1646  1.3192 -1.8031  1.8073 -0.4073
 5200 5.0  0.0 2 Sg  0.7909  0.7329  0.0703  0.6556  0.1787  0.8142  0.0753  0.7727 -0.9532  1.5825 -0.5111
 5200 5.0  0.0 2 Sr  0.6999  0.5263  0.2102  0.4059  0.3884  0.7574  0.1863  0.7522 -0.7069  1.2673 -0.4868
 5200 5.0  0.0 2 Si  0.6072  0.3906  0.2622  0.2485  0.4738  0.6781  0.2296  0.7936 -0.7568  1.1774 -0.4649
 5200 5.0  0.0 2 Sz  0.5401  0.3024  0.2877  0.1482  0.5176  0.6177  0.2515  0.8187 -0.7966  1.1046 -0.4353
 5400 3.5  0.0 2 Su  0.7969  0.7706  0.0318  0.6770  0.1583  0.8139  0.0553  0.9637 -1.2378  1.5216 -0.3292
 5400 3.5  0.0 2 Sg  0.7637  0.6886  0.0909  0.6081  0.2054  0.7916  0.0905  0.7274 -0.8297  1.4466 -0.4818
 5400 3.5  0.0 2 Sr  0.6587  0.4839  0.2116  0.3626  0.3911  0.7165  0.1876  0.7296 -0.6555  1.1386 -0.4293
 5400 3.5  0.0 2 Si  0.5690  0.3510  0.2639  0.2092  0.4752  0.6402  0.2307  0.7648 -0.7008  1.0656 -0.4206
 5400 3.5  0.0 2 Sz  0.5010  0.2716  0.2777  0.1213  0.5016  0.5761  0.2433  0.8016 -0.8052  1.0657 -0.4135
 5400 4.0  0.0 2 Su  0.8284  0.7843  0.0535  0.6844  0.1903  0.8508  0.0725  0.9186 -1.0075  1.2830 -0.2434
 5400 4.0  0.0 2 Sg  0.7961  0.6990  0.1175  0.6047  0.2529  0.8312  0.1138  0.7561 -0.7553  1.3335 -0.4288
 5400 4.0  0.0 2 Sr  0.6889  0.4740  0.2601  0.3253  0.4802  0.7600  0.2307  0.8375 -0.7161  1.1240 -0.4077
 5400 4.0  0.0 2 Si  0.5993  0.3379  0.3164  0.1650  0.5736  0.6850  0.2778  0.8990 -0.8083  1.0821 -0.4054
 5400 4.0  0.0 2 Sz  0.5305  0.2546  0.3340  0.0711  0.6068  0.6211  0.2937  0.9506 -0.9451  1.1145 -0.4115
 5400 4.5  0.0 2 Su  0.7773  0.7029  0.0900  0.5768  0.2649  0.8102  0.1067  1.1364 -1.5304  1.7285 -0.4040
 5400 4.5  0.0 2 Sg  0.7837  0.7024  0.0984  0.6169  0.2202  0.8137  0.0974  0.7687 -0.9011  1.5369 -0.5161
 5400 4.5  0.0 2 Sr  0.6806  0.4882  0.2330  0.3567  0.4279  0.7441  0.2059  0.7751 -0.6980  1.1921 -0.4544
 5400 4.5  0.0 2 Si  0.5898  0.3562  0.2828  0.2038  0.5099  0.6662  0.2474  0.8171 -0.7532  1.1106 -0.4346
 5400 4.5  0.0 2 Sz  0.5222  0.2740  0.3005  0.1119  0.5419  0.6034  0.2630  0.8497 -0.8369  1.0895 -0.4219
 5400 5.0  0.0 2 Su  0.7428  0.6448  0.1187  0.5002  0.3204  0.7838  0.1329  1.2381 -1.7199  1.8231 -0.4271
 5400 5.0  0.0 2 Sg  0.7815  0.7066  0.0907  0.6246  0.2072  0.8095  0.0908  0.7659 -0.9264  1.5767 -0.5321
 5400 5.0  0.0 2 Sr  0.6825  0.4944  0.2276  0.3674  0.4161  0.7443  0.2006  0.7536 -0.6763  1.2024 -0.4672
 5400 5.0  0.0 2 Si  0.5912  0.3643  0.2747  0.2170  0.4942  0.6653  0.2400  0.7929 -0.7249  1.1067 -0.4383
 5400 5.0  0.0 2 Sz  0.5246  0.2818  0.2938  0.1249  0.5279  0.6038  0.2567  0.8183 -0.7835  1.0590 -0.4163
 5600 3.5  0.0 2 Su  0.7965  0.7719  0.0298  0.6889  0.1421  0.8120  0.0500  0.8779 -1.0980  1.4780 -0.3519
 5600 3.5  0.0 2 Sg  0.7541  0.6684  0.1038  0.5858  0.2224  0.7850  0.1001  0.7100 -0.7830  1.4115 -0.4851
 5600 3.5  0.0 2 Sr  0.6439  0.4633  0.2187  0.3397  0.4019  0.7036  0.1933  0.7316 -0.6615  1.1312 -0.4311
 5600 3.5  0.0 2 Si  0.5538  0.3321  0.2683  0.1884  0.4826  0.6261  0.2344  0.7659 -0.7021  1.0428 -0.4117
 5600 3.5  0.0 2 Sz  0.4873  0.2599  0.2752  0.1104  0.4977  0.5617  0.2412  0.8018 -0.8248  1.0713 -0.4139
 5600 4.0  0.0 2 Su  0.8309  0.7905  0.0489  0.6992  0.1739  0.8513  0.0662  0.8456 -0.8698  1.2034 -0.2362
 5600 4.0  0.0 2 Sg  0.7851  0.6741  0.1344  0.5753  0.2771  0.8242  0.1268  0.7606 -0.7652  1.3604 -0.4582
 5600 4.0  0.0 2 Sr  0.6728  0.4513  0.2682  0.2994  0.4932  0.7461  0.2373  0.8522 -0.7592  1.1582 -0.4265
 5600 4.0  0.0 2 Si  0.5833  0.3179  0.3213  0.1423  0.5824  0.6703  0.2821  0.9157 -0.8566  1.1128 -0.4178
 5600 4.0  0.0 2 Sz  0.5157  0.2416  0.3318  0.0587  0.6036  0.6058  0.2919  0.9597 -0.9948  1.1570 -0.4278
 5600 4.5  0.0 2 Su  0.7853  0.7193  0.0799  0.6064  0.2363  0.8146  0.0949  1.0477 -1.3906  1.6916 -0.4240
 5600 4.5  0.0 2 Sg  0.7735  0.6760  0.1180  0.5858  0.2479  0.8082  0.1125  0.7628 -0.8747  1.5256 -0.5327
 5600 4.5  0.0 2 Sr  0.6646  0.4621  0.2452  0.3259  0.4474  0.7312  0.2159  0.7804 -0.6945  1.1641 -0.4479
 5600 4.5  0.0 2 Si  0.5745  0.3340  0.2911  0.1777  0.5241  0.6530  0.2545  0.8230 -0.7522  1.0778 -0.4213
 5600 4.5  0.0 2 Sz  0.5077  0.2577  0.3026  0.0945  0.5458  0.5895  0.2649  0.8526 -0.8478  1.0778 -0.4158
 5600 5.0  0.0 2 Su  0.7537  0.6645  0.1080  0.5358  0.2878  0.7906  0.1196  1.1760 -1.7167  2.0075 -0.5551
 5600 5.0  0.0 2 Sg  0.7685  0.6614  0.1296  0.5718  0.2598  0.8055  0.1199  0.7779 -0.9839  1.7365 -0.6534
 5600 5.0  0.0 2 Sr  0.6645  0.4564  0.2519  0.3232  0.4508  0.7321  0.2192  0.7768 -0.7544  1.3237 -0.5458
 5600 5.0  0.0 2 Si  0.5759  0.3383  0.2876  0.1873  0.5132  0.6530  0.2501  0.8123 -0.7911  1.1906 -0.4869
 5600 5.0  0.0 2 Sz  0.5102  0.2629  0.2993  0.1047  0.5356  0.5906  0.2608  0.8326 -0.8473  1.1362 -0.4566
 5800 3.5  0.0 2 Su  0.7903  0.7541  0.0438  0.6762  0.1507  0.8081  0.0576  0.8244 -1.0430  1.5475 -0.4355
 5800 3.5  0.0 2 Sg  0.7456  0.6518  0.1136  0.5682  0.2343  0.7786  0.1070  0.7008 -0.7744  1.4279 -0.5093
 5800 3.5  0.0 2 Sr  0.6302  0.4448  0.2244  0.3194  0.4105  0.6912  0.1978  0.7390 -0.6918  1.1592 -0.4482
 5800 3.5  0.0 2 Si  0.5395  0.3162  0.2702  0.1717  0.4857  0.6123  0.2360  0.7669 -0.7133  1.0379 -0.4103
 5800 3.5  0.0 2 Sz  0.4751  0.2514  0.2707  0.1037  0.4905  0.5484  0.2375  0.8018 -0.8522  1.0930 -0.4216
 5800 4.0  0.0 2 Su  0.8276  0.7812  0.0561  0.6944  0.1760  0.8491  0.0695  0.8022 -0.8140  1.2287 -0.2825
 5800 4.0  0.0 2 Sg  0.7745  0.6514  0.1490  0.5491  0.2976  0.8171  0.1380  0.7687 -0.7951  1.4149 -0.4985
 5800 4.0  0.0 2 Sr  0.6580  0.4314  0.2743  0.2774  0.5027  0.7327  0.2422  0.8654 -0.8064  1.2034 -0.4503
 5800 4.0  0.0 2 Si  0.5682  0.3014  0.3230  0.1247  0.5858  0.6557  0.2837  0.9272 -0.9014  1.1466 -0.4319
 5800 4.0  0.0 2 Sz  0.5023  0.2320  0.3272  0.0508  0.5963  0.5912  0.2882  0.9643 -1.0401  1.2009 -0.4452
 5800 4.5  0.0 2 Su  0.7903  0.7295  0.0736  0.6270  0.2157  0.8171  0.0869  0.9637 -1.2336  1.6055 -0.4179
 5800 4.5  0.0 2 Sg  0.7632  0.6507  0.1361  0.5562  0.2735  0.8022  0.1263  0.7624 -0.8703  1.5416 -0.5600
 5800 4.5  0.0 2 Sr  0.6496  0.4394  0.2545  0.2996  0.4623  0.7186  0.2236  0.7882 -0.7084  1.1616 -0.4514
 5800 4.5  0.0 2 Si  0.5600  0.3155  0.2959  0.1569  0.5324  0.6398  0.2587  0.8279 -0.7620  1.0643 -0.4157
 5800 4.5  0.0 2 Sz  0.4944  0.2449  0.3021  0.0815  0.5453  0.5760  0.2646  0.8551 -0.8676  1.0827 -0.4166
 5800 5.0  0.0 2 Su  0.7614  0.6767  0.1026  0.5601  0.2659  0.7958  0.1115  1.0966 -1.6057  2.0159 -0.5998
 5800 5.0  0.0 2 Sg  0.7571  0.6295  0.1544  0.5339  0.2948  0.8000  0.1390  0.7772 -0.9739  1.7561 -0.6896
 5800 5.0  0.0 2 Sr  0.6485  0.4296  0.2651  0.2916  0.4714  0.7194  0.2299  0.7847 -0.7631  1.3170 -0.5508
 5800 5.0  0.0 2 Si  0.5612  0.3179  0.2945  0.1640  0.5246  0.6401  0.2559  0.8177 -0.8002  1.1793 -0.4845
 5800 5.0  0.0 2 Sz  0.4964  0.2476  0.3011  0.0886  0.5386  0.5773  0.2623  0.8357 -0.8645  1.1388 -0.4581
 7000 3.5  0.0 2 Su  0.7185  0.5387  0.2177  0.4274  0.3845  0.7764  0.1876  0.7876 -0.9981  1.8545 -0.8018
 7000 3.5  0.0 2 Sg  0.7001  0.5192  0.2190  0.4241  0.3645  0.7563  0.1822  0.7208 -1.0514  2.1437 -1.0029
 7000 3.5  0.0 2 Sr  0.5660  0.3528  0.2581  0.2215  0.4550  0.6347  0.2226  0.7939 -0.9697  1.5425 -0.6645
 7000 3.5  0.0 2 Si  0.4697  0.2446  0.2725  0.1000  0.4883  0.5430  0.2375  0.7890 -0.8698  1.1645 -0.4706
 7000 3.5  0.0 2 Sz  0.4337  0.2253  0.2522  0.0915  0.4519  0.5014  0.2196  0.8023 -1.0696  1.4298 -0.5908
 7000 4.0  0.0 2 Su  0.7607  0.5702  0.2305  0.4493  0.4112  0.8224  0.2000  0.7868 -0.8322  1.6191 -0.6837
 7000 4.0  0.0 2 Sg  0.7231  0.5164  0.2501  0.3995  0.4274  0.7883  0.2114  0.8442 -1.2117  2.2389 -1.0165
 7000 4.0  0.0 2 Sr  0.5927  0.3429  0.3024  0.1837  0.5402  0.6738  0.2628  0.9637 -1.2364  1.7672 -0.7369
 7000 4.0  0.0 2 Si  0.5008  0.2372  0.3192  0.0627  0.5787  0.5872  0.2801  0.9757 -1.1698  1.4254 -0.5560
 7000 4.0  0.0 2 Sz  0.4555  0.2085  0.2989  0.0439  0.5436  0.5365  0.2626  0.9836 -1.3423  1.6271 -0.6438
 7000 4.5  0.0 2 Su  0.7482  0.5689  0.2171  0.4506  0.3931  0.8068  0.1898  0.8239 -0.9800  1.7647 -0.7303
 7000 4.5  0.0 2 Sg  0.7030  0.4880  0.2602  0.3694  0.4405  0.7705  0.2190  0.7893 -1.0373  2.0103 -0.9303
 7000 4.5  0.0 2 Sr  0.5780  0.3301  0.3001  0.1797  0.5261  0.6576  0.2581  0.8738 -1.0654  1.6360 -0.7128
 7000 4.5  0.0 2 Si  0.4916  0.2408  0.3036  0.0818  0.5412  0.5729  0.2638  0.8758 -1.0246  1.3596 -0.5608
 7000 4.5  0.0 2 Sz  0.4406  0.2022  0.2886  0.0486  0.5177  0.5182  0.2516  0.8868 -1.1571  1.4654 -0.5986
 7000 5.0  0.0 2 Su  0.7453  0.5777  0.2029  0.4622  0.3738  0.8005  0.1790  0.8643 -1.1302  1.9243 -0.7820
 7000 5.0  0.0 2 Sg  0.6939  0.4736  0.2667  0.3517  0.4520  0.7632  0.2247  0.7877 -1.0054  1.9423 -0.8998
 7000 5.0  0.0 2 Sr  0.5736  0.3250  0.3010  0.1757  0.5255  0.6533  0.2583  0.8556 -1.0259  1.5991 -0.7035
 7000 5.0  0.0 2 Si  0.4903  0.2428  0.2995  0.0875  0.5319  0.5704  0.2597  0.8540 -0.9964  1.3530 -0.5656
 7000 5.0  0.0 2 Sz  0.4361  0.1987  0.2874  0.0467  0.5143  0.5133  0.2502  0.8642 -1.1036  1.4061 -0.5773
 7200 3.5  0.0 2 Su  0.7088  0.5137  0.2361  0.3974  0.4113  0.7711  0.2020  0.7696 -0.9181  1.7616 -0.7787
 7200 3.5  0.0 2 Sg  0.6916  0.4852  0.2499  0.3839  0.4064  0.7550  0.2056  0.6877 -0.9385  2.0611 -1.0067
 7200 3.5  0.0 2 Sr  0.5577  0.3354  0.2691  0.2021  0.4696  0.6288  0.2308  0.7848 -0.9474  1.5318 -0.6746
 7200 3.5  0.0 2 Si  0.4605  0.2328  0.2757  0.0873  0.4929  0.5345  0.2400  0.7898 -0.8775  1.1669 -0.4746
 7200 3.5  0.0 2 Sz  0.4304  0.2171  0.2582  0.0835  0.4582  0.4994  0.2236  0.7892 -1.0480  1.4315 -0.6052
 7200 4.0  0.0 2 Su  0.7476  0.5307  0.2626  0.3993  0.4600  0.8172  0.2257  0.7684 -0.7084  1.4590 -0.6369
 7200 4.0  0.0 2 Sg  0.7071  0.4573  0.3023  0.3268  0.5023  0.7848  0.2519  0.7998 -1.0100  2.0353 -0.9804
 7200 4.0  0.0 2 Sr  0.5797  0.3069  0.3301  0.1417  0.5784  0.6672  0.2838  0.9518 -1.1981  1.7632 -0.7692
 7200 4.0  0.0 2 Si  0.4901  0.2162  0.3315  0.0399  0.5945  0.5792  0.2891  0.9781 -1.1992  1.4904 -0.6032
 7200 4.0  0.0 2 Sz  0.4488  0.1909  0.3122  0.0254  0.5592  0.5326  0.2718  0.9682 -1.3230  1.6527 -0.6802
 7200 4.5  0.0 2 Su  0.7385  0.5423  0.2376  0.4182  0.4231  0.8021  0.2059  0.8097 -0.9081  1.6832 -0.7135
 7200 4.5  0.0 2 Sg  0.6938  0.4592  0.2840  0.3356  0.4732  0.7669  0.2370  0.7746 -0.9882  1.9904 -0.9515
 7200 4.5  0.0 2 Sr  0.5691  0.3142  0.3085  0.1624  0.5372  0.6506  0.2643  0.8702 -1.0645  1.6474 -0.7297
 7200 4.5  0.0 2 Si  0.4824  0.2296  0.3060  0.0703  0.5443  0.5643  0.2656  0.8753 -1.0342  1.3686 -0.5686
 7200 4.5  0.0 2 Sz  0.4356  0.1961  0.2899  0.0439  0.5174  0.5133  0.2519  0.8794 -1.1621  1.4919 -0.6189
 7200 5.0  0.0 2 Su  0.7363  0.5511  0.2241  0.4301  0.4044  0.7966  0.1956  0.8430 -1.0377  1.8231 -0.7590
 7200 5.0  0.0 2 Sg  0.6851  0.4495  0.2853  0.3237  0.4774  0.7588  0.2387  0.7761 -0.9688  1.9272 -0.9166
 7200 5.0  0.0 2 Sr  0.5645  0.3107  0.3072  0.1605  0.5336  0.6456  0.2629  0.8529 -1.0299  1.6124 -0.7188
 7200 5.0  0.0 2 Si  0.4812  0.2326  0.3009  0.0774  0.5332  0.5615  0.2606  0.8524 -1.0056  1.3617 -0.5727
 7200 5.0  0.0 2 Sz  0.4301  0.1930  0.2871  0.0425  0.5119  0.5071  0.2494  0.8590 -1.1150  1.4334 -0.5952
 7400 3.5  0.0 2 Su  0.6994  0.4942  0.2483  0.3754  0.4280  0.7645  0.2112  0.7607 -0.8924  1.7443 -0.7864
 7400 3.5  0.0 2 Sg  0.6838  0.4537  0.2786  0.3481  0.4433  0.7537  0.2266  0.6351 -0.7779  1.9303 -0.9924
 7400 3.5  0.0 2 Sr  0.5505  0.3224  0.2761  0.1901  0.4761  0.6231  0.2352  0.7759 -0.9608  1.5915 -0.7201
 7400 3.5  0.0 2 Si  0.4528  0.2272  0.2731  0.0842  0.4869  0.5260  0.2373  0.8013 -0.9601  1.2884 -0.5333
 7400 3.5  0.0 2 Sz  0.4278  0.2109  0.2626  0.0791  0.4606  0.4975  0.2258  0.7767 -1.0506  1.4822 -0.6451
 7400 4.0  0.0 2 Su  0.7376  0.5087  0.2771  0.3729  0.4817  0.8108  0.2372  0.7812 -0.7383  1.5001 -0.6671
 7400 4.0  0.0 2 Sg  0.6983  0.4266  0.3289  0.2917  0.5370  0.7821  0.2716  0.7716 -0.9325  2.0031 -1.0052
 7400 4.0  0.0 2 Sr  0.5720  0.2941  0.3364  0.1301  0.5837  0.6607  0.2876  0.9514 -1.2437  1.8640 -0.8320
 7400 4.0  0.0 2 Si  0.4821  0.2106  0.3286  0.0371  0.5877  0.5703  0.2859  0.9916 -1.2941  1.6308 -0.6709
 7400 4.0  0.0 2 Sz  0.4453  0.1866  0.3131  0.0243  0.5561  0.5289  0.2712  0.9615 -1.3585  1.7461 -0.7371
 7400 4.5  0.0 2 Su  0.7285  0.5156  0.2577  0.3858  0.4526  0.7969  0.2217  0.7969 -0.8417  1.6075 -0.6986
 7400 4.5  0.0 2 Sg  0.6843  0.4281  0.3102  0.2985  0.5096  0.7636  0.2570  0.7496 -0.8925  1.9053 -0.9445
 7400 4.5  0.0 2 Sr  0.5603  0.2975  0.3181  0.1438  0.5501  0.6440  0.2715  0.8615 -1.0425  1.6320 -0.7357
 7400 4.5  0.0 2 Si  0.4733  0.2181  0.3089  0.0582  0.5483  0.5559  0.2678  0.8735 -1.0375  1.3689 -0.5727
 7400 4.5  0.0 2 Sz  0.4310  0.1888  0.2931  0.0374  0.5199  0.5093  0.2538  0.8678 -1.1485  1.4969 -0.6316
 7400 5.0  0.0 2 Su  0.7272  0.5268  0.2427  0.4007  0.4313  0.7920  0.2100  0.8257 -0.9606  1.7364 -0.7390
 7400 5.0  0.0 2 Sg  0.6760  0.4232  0.3061  0.2928  0.5061  0.7545  0.2545  0.7580 -0.9048  1.8771 -0.9198
 7400 5.0  0.0 2 Sr  0.5556  0.2958  0.3145  0.1445  0.5430  0.6383  0.2682  0.8461 -1.0187  1.6084 -0.7277
 7400 5.0  0.0 2 Si  0.4722  0.2222  0.3027  0.0669  0.5353  0.5530  0.2618  0.8501 -1.0111  1.3659 -0.5782
 7400 5.0  0.0 2 Sz  0.4248  0.1868  0.2880  0.0377  0.5113  0.5017  0.2495  0.8507 -1.1145  1.4491 -0.6097
 7600 3.5  0.0 2 Su  0.6870  0.4630  0.2712  0.3372  0.4620  0.7578  0.2293  0.7389 -0.7853  1.6096 -0.7465
 7600 3.5  0.0 2 Sg  0.6734  0.4199  0.3070  0.3060  0.4854  0.7503  0.2492  0.5793 -0.5375  1.6287 -0.8844
 7600 3.5  0.0 2 Sr  0.5401  0.3028  0.2873  0.1669  0.4930  0.6154  0.2441  0.7622 -0.8985  1.5037 -0.6901
 7600 3.5  0.0 2 Si  0.4422  0.2140  0.2762  0.0694  0.4924  0.5162  0.2400  0.8045 -0.9661  1.2761 -0.5277
 7600 3.5  0.0 2 Sz  0.4226  0.1977  0.2723  0.0635  0.4743  0.4945  0.2333  0.7575 -0.9782  1.3971 -0.6183
 7600 4.0  0.0 2 Su  0.7242  0.4743  0.3026  0.3295  0.5213  0.8037  0.2578  0.7823 -0.6896  1.4258 -0.6504
 7600 4.0  0.0 2 Sg  0.6868  0.3901  0.3591  0.2465  0.5815  0.7779  0.2954  0.7370 -0.7707  1.8091 -0.9469
 7600 4.0  0.0 2 Sr  0.5614  0.2746  0.3471  0.1074  0.5996  0.6527  0.2960  0.9441 -1.2114  1.8204 -0.8226
 7600 4.0  0.0 2 Si  0.4712  0.1979  0.3308  0.0233  0.5916  0.5600  0.2879  0.9959 -1.3106  1.6356 -0.6734
 7600 4.0  0.0 2 Sz  0.4395  0.1754  0.3198  0.0124  0.5642  0.5247  0.2760  0.9449 -1.3150  1.7072 -0.7315
 7600 4.5  0.0 2 Su  0.7175  0.4858  0.2804  0.3496  0.4859  0.7914  0.2395  0.7850 -0.7761  1.5352 -0.6878
 7600 4.5  0.0 2 Sg  0.6745  0.3951  0.3382  0.2583  0.5496  0.7605  0.2787  0.7140 -0.7451  1.7442 -0.9030
 7600 4.5  0.0 2 Sr  0.5514  0.2797  0.3289  0.1236  0.5651  0.6377  0.2797  0.8484 -0.9992  1.5863 -0.7285
 7600 4.5  0.0 2 Si  0.4643  0.2063  0.3123  0.0456  0.5530  0.5477  0.2703  0.8704 -1.0329  1.3576 -0.5716
 7600 4.5  0.0 2 Sz  0.4265  0.1800  0.2985  0.0285  0.5257  0.5059  0.2575  0.8518 -1.1132  1.4735 -0.6331
 7600 5.0  0.0 2 Su  0.7172  0.5002  0.2627  0.3687  0.4602  0.7868  0.2257  0.8116 -0.8946  1.6653 -0.7275
 7600 5.0  0.0 2 Sg  0.6666  0.3948  0.3290  0.2590  0.5384  0.7506  0.2721  0.7308 -0.7996  1.7703 -0.8987
 7600 5.0  0.0 2 Sr  0.5469  0.2802  0.3228  0.1273  0.5541  0.6315  0.2744  0.8350 -0.9896  1.5816 -0.7274
 7600 5.0  0.0 2 Si  0.4634  0.2115  0.3050  0.0559  0.5382  0.5447  0.2635  0.8465 -1.0097  1.3608 -0.5797
 7600 5.0  0.0 2 Sz  0.4198  0.1798  0.2906  0.0314  0.5129  0.4972  0.2510  0.8386 -1.0985  1.4474 -0.6182
 7800 3.5  0.0 2 Su  0.6783  0.4424  0.2856  0.3111  0.4849  0.7527  0.2412  0.7105 -0.6451  1.4087 -0.6650
 7800 3.5  0.0 2 Sg  0.6661  0.3982  0.3243  0.2765  0.5145  0.7475  0.2640  0.5218 -0.2619  1.2331 -0.7138
 7800 3.5  0.0 2 Sr  0.5307  0.2840  0.2986  0.1430  0.5120  0.6089  0.2537  0.7432 -0.7898  1.3335 -0.6173
 7800 3.5  0.0 2 Si  0.4324  0.1992  0.2823  0.0516  0.5030  0.5081  0.2452  0.8049 -0.9459  1.2250 -0.5050
 7800 3.5  0.0 2 Sz  0.4177  0.1833  0.2837  0.0446  0.4927  0.4926  0.2429  0.7371 -0.8709  1.2446 -0.5563
 7800 4.0  0.0 2 Su  0.7112  0.4375  0.3313  0.2833  0.5651  0.7978  0.2808  0.7702 -0.5941  1.2996 -0.6156
 7800 4.0  0.0 2 Sg  0.6760  0.3554  0.3880  0.2023  0.6257  0.7743  0.3187  0.6911 -0.5488  1.5173 -0.8392
 7800 4.0  0.0 2 Sr  0.5514  0.2552  0.3586  0.0841  0.6172  0.6456  0.3053  0.9290 -1.1386  1.7156 -0.7842
 7800 4.0  0.0 2 Si  0.4612  0.1850  0.3344  0.0088  0.5976  0.5509  0.2909  0.9936 -1.2964  1.5990 -0.6578
 7800 4.0  0.0 2 Sz  0.4342  0.1627  0.3286 -0.0023  0.5765  0.5215  0.2828  0.9220 -1.2325  1.6095 -0.6990
 7800 4.5  0.0 2 Su  0.7070  0.4603  0.2986  0.3198  0.5115  0.7852  0.2534  0.7844 -0.7721  1.5523 -0.7159
 7800 4.5  0.0 2 Sg  0.6659  0.3649  0.3644  0.2229  0.5851  0.7580  0.2985  0.6645 -0.5718  1.5682 -0.8592
 7800 4.5  0.0 2 Sr  0.5442  0.2662  0.3365  0.1105  0.5728  0.6320  0.2847  0.8355 -0.9908  1.6123 -0.7580
 7800 4.5  0.0 2 Si  0.4571  0.2005  0.3107  0.0422  0.5481  0.5399  0.2683  0.8763 -1.0969  1.4595 -0.6234
 7800 4.5  0.0 2 Sz  0.4232  0.1737  0.3021  0.0240  0.5273  0.5032  0.2592  0.8381 -1.1089  1.5092 -0.6645
 7800 5.0  0.0 2 Su  0.7058  0.4695  0.2860  0.3316  0.4942  0.7810  0.2439  0.7978 -0.8238  1.5885 -0.7158
 7800 5.0  0.0 2 Sg  0.6569  0.3647  0.3537  0.2223  0.5739  0.7468  0.2914  0.6943 -0.6485  1.5955 -0.8467
 7800 5.0  0.0 2 Sr  0.5380  0.2635  0.3323  0.1086  0.5672  0.6249  0.2816  0.8205 -0.9422  1.5282 -0.7154
 7800 5.0  0.0 2 Si  0.4546  0.2004  0.3077  0.0444  0.5418  0.5365  0.2655  0.8416 -1.0011  1.3451 -0.5765
 7800 5.0  0.0 2 Sz  0.4150  0.1714  0.2949  0.0232  0.5175  0.4933  0.2539  0.8228 -1.0631  1.4202 -0.6164
 8000 3.5  0.0 2 Su  0.6762  0.4523  0.2709  0.3211  0.4689  0.7476  0.2315  0.6865 -0.5117  1.1492 -0.5192
 8000 3.5  0.0 2 Sg  0.6619  0.3967  0.3210  0.2695  0.5183  0.7434  0.2642  0.4732  0.0164  0.7578 -0.4730
 8000 3.5  0.0 2 Sr  0.5203  0.2644  0.3098  0.1162  0.5337  0.6018  0.2642  0.7220 -0.6402  1.0782 -0.4981
 8000 3.5  0.0 2 Si  0.4220  0.1807  0.2921  0.0281  0.5202  0.5002  0.2538  0.8047 -0.9052  1.1386 -0.4667
 8000 3.5  0.0 2 Sz  0.4114  0.1667  0.2962  0.0212  0.5153  0.4897  0.2540  0.7198 -0.7410  1.0322 -0.4601
 8000 4.0  0.0 2 Su  0.6987  0.4023  0.3587  0.2387  0.6076  0.7922  0.3030  0.7485 -0.4587  1.1145 -0.5521
 8000 4.0  0.0 2 Sg  0.6663  0.3268  0.4110  0.1645  0.6628  0.7706  0.3379  0.6467 -0.3196  1.1921 -0.7061
 8000 4.0  0.0 2 Sr  0.5419  0.2379  0.3680  0.0627  0.6329  0.6386  0.3133  0.9133 -1.0527  1.5801 -0.7269
 8000 4.0  0.0 2 Si  0.4515  0.1726  0.3376 -0.0055  0.6036  0.5422  0.2938  0.9891 -1.2694  1.5411 -0.6313
 8000 4.0  0.0 2 Sz  0.4289  0.1502  0.3374 -0.0177  0.5899  0.5184  0.2899  0.8993 -1.1357  1.4795 -0.6482
 8000 4.5  0.0 2 Su  0.6919  0.4216  0.3272  0.2713  0.5555  0.7772  0.2765  0.7724 -0.6741  1.4154 -0.6749
 8000 4.5  0.0 2 Sg  0.6544  0.3326  0.3896  0.1819  0.6241  0.7528  0.3190  0.6249 -0.3757  1.3020 -0.7585
 8000 4.5  0.0 2 Sr  0.5335  0.2481  0.3455  0.0891  0.5870  0.6236  0.2921  0.8253 -0.9386  1.5292 -0.7264
 8000 4.5  0.0 2 Si  0.4463  0.1883  0.3123  0.0289  0.5513  0.5295  0.2698  0.8778 -1.0994  1.4408 -0.6138
 8000 4.5  0.0 2 Sz  0.4171  0.1620  0.3088  0.0107  0.5367  0.4986  0.2644  0.8212 -1.0495  1.4358 -0.6399
 8000 5.0  0.0 2 Su  0.6944  0.4410  0.3068  0.2976  0.5240  0.7746  0.2600  0.7911 -0.7889  1.5617 -0.7254
 8000 5.0  0.0 2 Sg  0.6480  0.3362  0.3775  0.1883  0.6071  0.7435  0.3097  0.6476 -0.4731  1.3991 -0.7876
 8000 5.0  0.0 2 Sr  0.5304  0.2494  0.3401  0.0941  0.5762  0.6189  0.2870  0.8059 -0.9148  1.5170 -0.7253
 8000 5.0  0.0 2 Si  0.4470  0.1931  0.3073  0.0386  0.5395  0.5286  0.2647  0.8434 -1.0392  1.4054 -0.6088
 8000 5.0  0.0 2 Sz  0.4111  0.1644  0.2986  0.0174  0.5200  0.4901  0.2560  0.8087 -1.0469  1.4300 -0.6337
 8200 3.5  0.0 2 Su  0.6725  0.4537  0.2649  0.3226  0.4622  0.7427  0.2273  0.7073 -0.5717  1.1922 -0.5253
 8200 3.5  0.0 2 Sg  0.6587  0.4059  0.3061  0.2753  0.5065  0.7376  0.2556  0.4451  0.2235  0.3467 -0.2446
 8200 3.5  0.0 2 Sr  0.5093  0.2452  0.3196  0.0897  0.5542  0.5937  0.2738  0.6974 -0.4687  0.7803 -0.3557
 8200 3.5  0.0 2 Si  0.4113  0.1611  0.3029  0.0034  0.5387  0.4925  0.2631  0.8028 -0.8595  1.0489 -0.4285
 8200 3.5  0.0 2 Sz  0.4034  0.1490  0.3080 -0.0040  0.5382  0.4852  0.2650  0.7042 -0.6031  0.7917 -0.3465
 8200 4.0  0.0 2 Su  0.6901  0.3826  0.3722  0.2138  0.6291  0.7870  0.3142  0.7314 -0.3626  0.9731 -0.4964
 8200 4.0  0.0 2 Sg  0.6638  0.3257  0.4093  0.1625  0.6621  0.7678  0.3371  0.6376 -0.2665  1.0941 -0.6548
 8200 4.0  0.0 2 Sr  0.5361  0.2371  0.3619  0.0614  0.6269  0.6315  0.3094  0.9153 -1.0366  1.5100 -0.6805
 8200 4.0  0.0 2 Si  0.4428  0.1670  0.3340 -0.0121  0.6009  0.5328  0.2918  0.9882 -1.2447  1.4613 -0.5836
 8200 4.0  0.0 2 Sz  0.4257  0.1481  0.3360 -0.0207  0.5896  0.5150  0.2894  0.8930 -1.0949  1.3992 -0.6055
 8200 4.5  0.0 2 Su  0.6777  0.3843  0.3551  0.2240  0.5992  0.7700  0.2993  0.7497 -0.5289  1.2090 -0.6006
 8200 4.5  0.0 2 Sg  0.6443  0.3048  0.4110  0.1455  0.6588  0.7482  0.3369  0.5847 -0.1645  0.9979 -0.6331
 8200 4.5  0.0 2 Sr  0.5237  0.2316  0.3536  0.0689  0.6008  0.6160  0.2990  0.8114 -0.8618  1.4039 -0.6725
 8200 4.5  0.0 2 Si  0.4364  0.1765  0.3145  0.0156  0.5558  0.5202  0.2719  0.8745 -1.0784  1.3890 -0.5889
 8200 4.5  0.0 2 Sz  0.4114  0.1500  0.3164 -0.0037  0.5483  0.4948  0.2705  0.8018 -0.9670  1.3225 -0.5954
 8200 5.0  0.0 2 Su  0.6803  0.4054  0.3328  0.2534  0.5639  0.7670  0.2809  0.7748 -0.6839  1.4186 -0.6809
 8200 5.0  0.0 2 Sg  0.6376  0.3066  0.4008  0.1511  0.6426  0.7390  0.3284  0.6032 -0.2697  1.1297 -0.6859
 8200 5.0  0.0 2 Sr  0.5210  0.2330  0.3486  0.0751  0.5889  0.6116  0.2938  0.7903 -0.8536  1.4331 -0.6959
 8200 5.0  0.0 2 Si  0.4377  0.1828  0.3086  0.0279  0.5412  0.5196  0.2656  0.8409 -1.0386  1.3945 -0.6053
 8200 5.0  0.0 2 Sz  0.4057  0.1541  0.3046  0.0062  0.5277  0.4861  0.2604  0.7903 -0.9903  1.3670 -0.6150
 8400 3.5  0.0 2 Su  0.6600  0.4173  0.2938  0.2753  0.5081  0.7375  0.2512  0.6772 -0.3874  0.9296 -0.4248
 8400 3.5  0.0 2 Sg  0.6457  0.3686  0.3355  0.2244  0.5564  0.7323  0.2808  0.4013  0.5015 -0.0785 -0.0617
 8400 3.5  0.0 2 Sr  0.5000  0.2210  0.3378  0.0581  0.5837  0.5892  0.2890  0.6536 -0.2542  0.4737 -0.2277
 8400 3.5  0.0 2 Si  0.4051  0.1455  0.3143 -0.0152  0.5552  0.4890  0.2720  0.7825 -0.7778  0.9494 -0.3960
 8400 3.5  0.0 2 Sz  0.3965  0.1274  0.3258 -0.0337  0.5682  0.4829  0.2802  0.6741 -0.4225  0.5207 -0.2302
 8400 4.0  0.0 2 Su  0.6890  0.3829  0.3705  0.2127  0.6290  0.7857  0.3137  0.6839 -0.1629  0.6772 -0.3567
 8400 4.0  0.0 2 Sg  0.6591  0.3046  0.4292  0.1323  0.6958  0.7685  0.3544  0.5393  0.1740  0.4776 -0.3868
 8400 4.0  0.0 2 Sr  0.5319  0.2186  0.3792  0.0387  0.6514  0.6315  0.3229  0.8472 -0.7783  1.1923 -0.5594
 8400 4.0  0.0 2 Si  0.4406  0.1572  0.3430 -0.0220  0.6110  0.5325  0.2980  0.9466 -1.1235  1.3443 -0.5512
 8400 4.0  0.0 2 Sz  0.4237  0.1328  0.3522 -0.0402  0.6127  0.5169  0.3021  0.8365 -0.8747  1.1305 -0.5040
 8400 4.5  0.0 2 Su  0.6646  0.3528  0.3774  0.1831  0.6359  0.7627  0.3180  0.7266 -0.3735  0.9693 -0.5023
 8400 4.5  0.0 2 Sg  0.6356  0.2850  0.4245  0.1183  0.6833  0.7433  0.3489  0.5564  0.0085  0.7233 -0.5095
 8400 4.5  0.0 2 Sr  0.5144  0.2183  0.3584  0.0520  0.6107  0.6081  0.3037  0.8021 -0.7938  1.2762 -0.6114
 8400 4.5  0.0 2 Si  0.4265  0.1656  0.3158  0.0030  0.5594  0.5108  0.2734  0.8717 -1.0541  1.3258 -0.5565
 8400 4.5  0.0 2 Sz  0.4054  0.1390  0.3226 -0.0178  0.5589  0.4905  0.2759  0.7869 -0.8891  1.2014 -0.5424
 8400 5.0  0.0 2 Su  0.6654  0.3681  0.3599  0.2059  0.6069  0.7589  0.3032  0.7517 -0.5326  1.1960 -0.5969
 8400 5.0  0.0 2 Sg  0.6272  0.2790  0.4215  0.1153  0.6762  0.7339  0.3457  0.5650 -0.0695  0.8410 -0.5673
 8400 5.0  0.0 2 Sr  0.5112  0.2169  0.3563  0.0557  0.6017  0.6039  0.3004  0.7767 -0.7826  1.3189 -0.6477
 8400 5.0  0.0 2 Si  0.4280  0.1718  0.3100  0.0159  0.5442  0.5103  0.2670  0.8368 -1.0196  1.3481 -0.5832
 8400 5.0  0.0 2 Sz  0.3998  0.1426  0.3114 -0.0073  0.5378  0.4818  0.2658  0.7715 -0.9154  1.2663 -0.5763
 8600 3.5  0.0 2 Su  0.6444  0.3836  0.3157  0.2305  0.5466  0.7278  0.2703  0.6545 -0.2065  0.6264 -0.2904
 8600 3.5  0.0 2 Sg  0.6318  0.3372  0.3566  0.1838  0.5917  0.7239  0.2987  0.3888  0.6191 -0.2734  0.0189
 8600 3.5  0.0 2 Sr  0.4913  0.2093  0.3413  0.0443  0.5904  0.5814  0.2922  0.6698 -0.2971  0.5073 -0.2407
 8600 3.5  0.0 2 Si  0.3979  0.1407  0.3114 -0.0202  0.5522  0.4812  0.2700  0.8003 -0.8378  1.0017 -0.4121
 8600 3.5  0.0 2 Sz  0.3895  0.1156  0.3316 -0.0493  0.5796  0.4776  0.2855  0.6950 -0.4608  0.5391 -0.2343
 8600 4.0  0.0 2 Su  0.6843  0.4062  0.3366  0.2404  0.5862  0.7734  0.2891  0.7424 -0.3413  0.7875 -0.3509
 8600 4.0  0.0 2 Sg  0.6548  0.3360  0.3859  0.1670  0.6443  0.7547  0.3239  0.5693  0.1504  0.3141 -0.2350
 8600 4.0  0.0 2 Sr  0.5152  0.2066  0.3737  0.0220  0.6514  0.6142  0.3210  0.8567 -0.7329  1.0124 -0.4480
 8600 4.0  0.0 2 Si  0.4227  0.1376  0.3451 -0.0453  0.6180  0.5155  0.3008  0.9608 -1.1385  1.2988 -0.5197
 8600 4.0  0.0 2 Sz  0.4100  0.1199  0.3511 -0.0575  0.6174  0.5035  0.3031  0.8424 -0.8319  0.9855 -0.4186
 8600 4.5  0.0 2 Su  0.6543  0.3328  0.3892  0.1567  0.6573  0.7557  0.3285  0.7088 -0.2490  0.7600 -0.4074
 8600 4.5  0.0 2 Sg  0.6314  0.2808  0.4244  0.1120  0.6860  0.7392  0.3497  0.5519  0.0584  0.6183 -0.4533
 8600 4.5  0.0 2 Sr  0.5079  0.2159  0.3535  0.0490  0.6061  0.6006  0.3006  0.8097 -0.8012  1.2416 -0.5828
 8600 4.5  0.0 2 Si  0.4180  0.1608  0.3114 -0.0024  0.5552  0.5015  0.2707  0.8747 -1.0502  1.2781 -0.5238
 8600 4.5  0.0 2 Sz  0.4010  0.1349  0.3221 -0.0232  0.5602  0.4862  0.2761  0.7870 -0.8696  1.1474 -0.5118
 8600 5.0  0.0 2 Su  0.6504  0.3320  0.3854  0.1590  0.6491  0.7506  0.3247  0.7257 -0.3542  0.9194 -0.4829
 8600 5.0  0.0 2 Sg  0.6166  0.2524  0.4409  0.0798  0.7090  0.7284  0.3624  0.5317  0.1259  0.5436 -0.4397
 8600 5.0  0.0 2 Sr  0.5016  0.2014  0.3634  0.0366  0.6142  0.5962  0.3066  0.7656 -0.7150  1.2025 -0.5961
 8600 5.0  0.0 2 Si  0.4185  0.1614  0.3112  0.0043  0.5470  0.5012  0.2683  0.8333 -1.0007  1.3000 -0.5596
 8600 5.0  0.0 2 Sz  0.3936  0.1304  0.3185 -0.0222  0.5492  0.4774  0.2717  0.7546 -0.8386  1.1554 -0.5312
 8800 3.5  0.0 2 Su  0.6303  0.3567  0.3312  0.1954  0.5744  0.7179  0.2840  0.6520 -0.1226  0.4594 -0.2141
 8800 3.5  0.0 2 Sg  0.6195  0.3168  0.3664  0.1571  0.6107  0.7144  0.3078  0.3958  0.6559 -0.3773  0.0710
 8800 3.5  0.0 2 Sr  0.4821  0.1985  0.3432  0.0311  0.5956  0.5728  0.2943  0.6860 -0.3314  0.5164 -0.2384
 8800 3.5  0.0 2 Si  0.3902  0.1341  0.3100 -0.0275  0.5517  0.4732  0.2693  0.8177 -0.8910  1.0431 -0.4238
 8800 3.5  0.0 2 Sz  0.3819  0.1053  0.3349 -0.0633  0.5880  0.4711  0.2891  0.7192 -0.5063  0.5545 -0.2323
 8800 4.0  0.0 2 Su  0.6681  0.3742  0.3558  0.2007  0.6174  0.7622  0.3049  0.7891 -0.4606  0.9166 -0.4154
 8800 4.0  0.0 2 Sg  0.6445  0.3401  0.3686  0.1701  0.6267  0.7409  0.3125  0.6293 -0.0039  0.3972 -0.2297
 8800 4.0  0.0 2 Sr  0.4992  0.1953  0.3678  0.0069  0.6501  0.5974  0.3185  0.8659 -0.6980  0.8566 -0.3499
 8800 4.0  0.0 2 Si  0.4060  0.1197  0.3466 -0.0661  0.6234  0.4994  0.3029  0.9696 -1.1436  1.2495 -0.4886
 8800 4.0  0.0 2 Sz  0.3963  0.1082  0.3487 -0.0731  0.6199  0.4897  0.3030  0.8495 -0.7968  0.8499 -0.3364
 8800 4.5  0.0 2 Su  0.6550  0.3497  0.3696  0.1757  0.6329  0.7520  0.3145  0.6990 -0.1841  0.5995 -0.3038
 8800 4.5  0.0 2 Sg  0.6297  0.2842  0.4182  0.1117  0.6841  0.7368  0.3472  0.5097  0.2942  0.2141 -0.2457
 8800 4.5  0.0 2 Sr  0.5016  0.2028  0.3617  0.0313  0.6211  0.5966  0.3080  0.7684 -0.6060  0.9503 -0.4520
 8800 4.5  0.0 2 Si  0.4120  0.1481  0.3194 -0.0173  0.5669  0.4974  0.2770  0.8471 -0.9452  1.1421 -0.4717
 8800 4.5  0.0 2 Sz  0.3963  0.1223  0.3318 -0.0404  0.5768  0.4841  0.2846  0.7526 -0.7028  0.9043 -0.4054
 8800 5.0  0.0 2 Su  0.6371  0.3052  0.4017  0.1235  0.6784  0.7417  0.3391  0.7123 -0.2254  0.6920 -0.3799
 8800 5.0  0.0 2 Sg  0.6083  0.2378  0.4484  0.0595  0.7247  0.7223  0.3697  0.5192  0.2348  0.3453 -0.3437
 8800 5.0  0.0 2 Sr  0.4925  0.1913  0.3647  0.0239  0.6189  0.5876  0.3084  0.7637 -0.6783  1.1114 -0.5476
 8800 5.0  0.0 2 Si  0.4088  0.1526  0.3101 -0.0054  0.5471  0.4914  0.2679  0.8325 -0.9881  1.2507 -0.5314
 8800 5.0  0.0 2 Sz  0.3870  0.1209  0.3222 -0.0342  0.5563  0.4719  0.2751  0.7453 -0.7823  1.0566 -0.4851
 9000 3.5  0.0 2 Su  0.6288  0.3459  0.3425  0.1788  0.5944  0.7195  0.2938  0.6567 -0.0815  0.3803 -0.1785
 9000 3.5  0.0 2 Sg  0.6130  0.2929  0.3874  0.1213  0.6494  0.7137  0.3266  0.3875  0.8107 -0.6512  0.1983
 9000 3.5  0.0 2 Sr  0.4800  0.1814  0.3615  0.0057  0.6264  0.5756  0.3100  0.6548 -0.1421  0.2415 -0.1211
 9000 3.5  0.0 2 Si  0.3914  0.1235  0.3243 -0.0432  0.5739  0.4781  0.2810  0.7859 -0.7368  0.8442 -0.3453
 9000 3.5  0.0 2 Sz  0.3803  0.0904  0.3509 -0.0868  0.6169  0.4738  0.3033  0.7121 -0.3877  0.3545 -0.1408
 9000 4.0  0.0 2 Su  0.6493  0.3420  0.3719  0.1578  0.6492  0.7480  0.3200  0.7768 -0.3072  0.6189 -0.2723
 9000 4.0  0.0 2 Sg  0.6241  0.2996  0.3928  0.1184  0.6680  0.7270  0.3333  0.6147  0.1387  0.1484 -0.1234
 9000 4.0  0.0 2 Sr  0.4853  0.1780  0.3720 -0.0115  0.6561  0.5845  0.3218  0.8710 -0.7258  0.8822 -0.3655
 9000 4.0  0.0 2 Si  0.3952  0.1142  0.3402 -0.0691  0.6133  0.4871  0.2977  0.9597 -1.1376  1.2275 -0.4756
 9000 4.0  0.0 2 Sz  0.3847  0.0942  0.3516 -0.0884  0.6249  0.4789  0.3054  0.8564 -0.8213  0.8643 -0.3435
 9000 4.5  0.0 2 Su  0.6429  0.3618  0.3402  0.1921  0.5953  0.7332  0.2928  0.8095 -0.5736  1.0048 -0.4374
 9000 4.5  0.0 2 Sg  0.6200  0.3213  0.3616  0.1540  0.6155  0.7147  0.3069  0.5880  0.1005  0.2263 -0.1510
 9000 4.5  0.0 2 Sr  0.4770  0.1859  0.3523  0.0089  0.6182  0.5707  0.3039  0.7868 -0.5732  0.7427 -0.3162
 9000 4.5  0.0 2 Si  0.3865  0.1209  0.3215 -0.0488  0.5750  0.4730  0.2801  0.8547 -0.9315  1.0377 -0.4111
 9000 4.5  0.0 2 Sz  0.3751  0.1050  0.3270 -0.0623  0.5777  0.4624  0.2831  0.7642 -0.6717  0.7411 -0.3029
 9000 5.0  0.0 2 Su  0.6257  0.2941  0.4014  0.1105  0.6806  0.7305  0.3397  0.7236 -0.2455  0.6747 -0.3635
 9000 5.0  0.0 2 Sg  0.6058  0.2562  0.4233  0.0827  0.6909  0.7140  0.3508  0.5641  0.0697  0.4966 -0.3773
 9000 5.0  0.0 2 Sr  0.4835  0.1973  0.3465  0.0311  0.5975  0.5747  0.2957  0.7791 -0.7028  1.0499 -0.4862
 9000 5.0  0.0 2 Si  0.3953  0.1455  0.3024 -0.0135  0.5399  0.4765  0.2632  0.8157 -0.8984  1.0575 -0.4255
 9000 5.0  0.0 2 Sz  0.3793  0.1220  0.3114 -0.0329  0.5444  0.4619  0.2678  0.7470 -0.7626  0.9633 -0.4213
 9200 3.5  0.0 2 Su  0.6160  0.3272  0.3496  0.1559  0.6077  0.7086  0.3002  0.6629 -0.0694  0.3244 -0.1508
 9200 3.5  0.0 2 Sg  0.6021  0.2810  0.3887  0.1076  0.6532  0.7034  0.3282  0.4101  0.7439 -0.5956  0.1788
 9200 3.5  0.0 2 Sr  0.4716  0.1761  0.3577  0.0004  0.6224  0.5664  0.3073  0.6853 -0.2473  0.3483 -0.1595
 9200 3.5  0.0 2 Si  0.3839  0.1205  0.3189 -0.0458  0.5676  0.4694  0.2772  0.8077 -0.8114  0.9091 -0.3636
 9200 3.5  0.0 2 Sz  0.3736  0.0865  0.3476 -0.0915  0.6143  0.4665  0.3012  0.7509 -0.5131  0.4848 -0.1880
 9200 4.0  0.0 2 Su  0.6442  0.3283  0.3825  0.1390  0.6672  0.7457  0.3290  0.7749 -0.2560  0.5287 -0.2336
 9200 4.0  0.0 2 Sg  0.6162  0.2780  0.4094  0.0873  0.6986  0.7236  0.3482  0.6067  0.2651 -0.0786 -0.0178
 9200 4.0  0.0 2 Sr  0.4808  0.1633  0.3843 -0.0317  0.6769  0.5833  0.3323  0.8419 -0.5716  0.6570 -0.2687
 9200 4.0  0.0 2 Si  0.3934  0.1052  0.3490 -0.0807  0.6263  0.4874  0.3047  0.9258 -1.0007  1.0525 -0.4061
 9200 4.0  0.0 2 Sz  0.3809  0.0818  0.3620 -0.1064  0.6435  0.4779  0.3147  0.8414 -0.7108  0.6875 -0.2638
 9200 4.5  0.0 2 Su  0.6287  0.3334  0.3574  0.1550  0.6256  0.7236  0.3078  0.8059 -0.4835  0.8317 -0.3600
 9200 4.5  0.0 2 Sg  0.6079  0.2956  0.3782  0.1215  0.6425  0.7069  0.3207  0.5837  0.1627  0.1199 -0.1106
 9200 4.5  0.0 2 Sr  0.4686  0.1761  0.3540 -0.0014  0.6208  0.5627  0.3053  0.7880 -0.5820  0.7441 -0.3180
 9200 4.5  0.0 2 Si  0.3797  0.1174  0.3175 -0.0505  0.5682  0.4650  0.2767  0.8589 -0.9702  1.0841 -0.4307
 9200 4.5  0.0 2 Sz  0.3682  0.0965  0.3289 -0.0718  0.5812  0.4561  0.2848  0.7640 -0.6673  0.7220 -0.2943
 9200 5.0  0.0 2 Su  0.6215  0.3092  0.3780  0.1269  0.6533  0.7212  0.3233  0.7531 -0.3011  0.6346 -0.3008
 9200 5.0  0.0 2 Sg  0.6001  0.2636  0.4074  0.0883  0.6760  0.7052  0.3409  0.5678  0.1355  0.2869 -0.2422
 9200 5.0  0.0 2 Sr  0.4719  0.1835  0.3491  0.0133  0.6058  0.5642  0.2991  0.7765 -0.6435  0.9099 -0.4122
 9200 5.0  0.0 2 Si  0.3843  0.1315  0.3059 -0.0294  0.5464  0.4664  0.2663  0.8219 -0.9105  1.0495 -0.4210
 9200 5.0  0.0 2 Sz  0.3698  0.1089  0.3159 -0.0498  0.5542  0.4538  0.2724  0.7428 -0.7079  0.8472 -0.3633
 9400 3.5  0.0 2 Su  0.6146  0.3084  0.3706  0.1271  0.6439  0.7127  0.3183  0.6658  0.0192  0.1718 -0.0849
 9400 3.5  0.0 2 Sg  0.5949  0.2641  0.4004  0.0811  0.6786  0.6997  0.3395  0.5020  0.5249 -0.3895  0.1047
 9400 3.5  0.0 2 Sr  0.4673  0.1621  0.3695 -0.0246  0.6498  0.5658  0.3193  0.7930 -0.4973  0.5796 -0.2387
 9400 3.5  0.0 2 Si  0.3823  0.1077  0.3323 -0.0704  0.5978  0.4719  0.2906  0.9030 -1.0057  1.0674 -0.4108
 9400 3.5  0.0 2 Sz  0.3709  0.0770  0.3558 -0.1096  0.6347  0.4665  0.3098  0.8507 -0.7599  0.7280 -0.2748
 9400 4.0  0.0 2 Su  0.6335  0.3139  0.3869  0.1213  0.6765  0.7363  0.3333  0.7829 -0.2537  0.4864 -0.2099
 9400 4.0  0.0 2 Sg  0.6064  0.2637  0.4149  0.0699  0.7086  0.7153  0.3531  0.6011  0.3090 -0.1643  0.0213
 9400 4.0  0.0 2 Sr  0.4738  0.1568  0.3837 -0.0376  0.6754  0.5761  0.3317  0.8281 -0.5365  0.6065 -0.2478
 9400 4.0  0.0 2 Si  0.3880  0.1031  0.3450 -0.0804  0.6187  0.4809  0.3011  0.9122 -0.9854  1.0391 -0.4024
 9400 4.0  0.0 2 Sz  0.3747  0.0764  0.3611 -0.1116  0.6424  0.4716  0.3140  0.8350 -0.6925  0.6515 -0.2463
 9400 4.5  0.0 2 Su  0.6165  0.3146  0.3654  0.1312  0.6410  0.7137  0.3152  0.8059 -0.4385  0.7268 -0.3094
 9400 4.5  0.0 2 Sg  0.5975  0.2780  0.3868  0.0998  0.6572  0.6987  0.3281  0.5827  0.1957  0.0495 -0.0805
 9400 4.5  0.0 2 Sr  0.4608  0.1693  0.3528 -0.0079  0.6190  0.5546  0.3043  0.7844 -0.5782  0.7266 -0.3089
 9400 4.5  0.0 2 Si  0.3728  0.1145  0.3127 -0.0514  0.5603  0.4570  0.2727  0.8500 -0.9633  1.0696 -0.4228
 9400 4.5  0.0 2 Sz  0.3616  0.0910  0.3276 -0.0773  0.5797  0.4492  0.2839  0.7619 -0.6621  0.6992 -0.2814
 9400 5.0  0.0 2 Su  0.6174  0.3286  0.3496  0.1526  0.6139  0.7104  0.3016  0.8263 -0.5834  0.9417 -0.4019
 9400 5.0  0.0 2 Sg  0.5964  0.2904  0.3703  0.1191  0.6304  0.6933  0.3144  0.5972  0.0816  0.2095 -0.1450
 9400 5.0  0.0 2 Sr  0.4580  0.1724  0.3457 -0.0011  0.6063  0.5499  0.2981  0.7695 -0.5665  0.7234 -0.3087
 9400 5.0  0.0 2 Si  0.3702  0.1154  0.3084 -0.0472  0.5513  0.4531  0.2687  0.8190 -0.8932  0.9964 -0.3955
 9400 5.0  0.0 2 Sz  0.3575  0.0968  0.3156 -0.0648  0.5577  0.4418  0.2733  0.7358 -0.6449  0.7031 -0.2865
 9600 3.5  0.0 2 Su  0.6023  0.2984  0.3679  0.1183  0.6393  0.6998  0.3160  0.6579  0.0228  0.1549 -0.0774
 9600 3.5  0.0 2 Sg  0.5854  0.2559  0.3989  0.0748  0.6744  0.6896  0.3378  0.4829  0.5578 -0.4268  0.1162
 9600 3.5  0.0 2 Sr  0.4603  0.1604  0.3630 -0.0225  0.6377  0.5570  0.3135  0.7772 -0.4890  0.5791 -0.2409
 9600 3.5  0.0 2 Si  0.3760  0.1089  0.3233 -0.0645  0.5818  0.4632  0.2827  0.8886 -1.0080  1.0806 -0.4174
 9600 3.5  0.0 2 Sz  0.3654  0.0761  0.3502 -0.1079  0.6251  0.4595  0.3051  0.8498 -0.7883  0.7666 -0.2913
 9600 4.0  0.0 2 Su  0.6200  0.2993  0.3882  0.1055  0.6795  0.7233  0.3347  0.7811 -0.2448  0.4467 -0.1901
 9600 4.0  0.0 2 Sg  0.5958  0.2538  0.4140  0.0607  0.7067  0.7045  0.3523  0.6007  0.2903 -0.1476  0.0126
 9600 4.0  0.0 2 Sr  0.4655  0.1549  0.3760 -0.0360  0.6624  0.5658  0.3252  0.8250 -0.5667  0.6445 -0.2631
 9600 4.0  0.0 2 Si  0.3805  0.1037  0.3350 -0.0753  0.6020  0.4708  0.2927  0.9017 -0.9950  1.0510 -0.4051
 9600 4.0  0.0 2 Sz  0.3676  0.0754  0.3537 -0.1096  0.6303  0.4626  0.3079  0.8380 -0.7366  0.7042 -0.2667
 9600 4.5  0.0 2 Su  0.6052  0.3001  0.3694  0.1145  0.6482  0.7035  0.3187  0.8012 -0.4081  0.6604 -0.2790
 9600 4.5  0.0 2 Sg  0.5878  0.2639  0.3922  0.0830  0.6667  0.6905  0.3328  0.5793  0.2265 -0.0142 -0.0523
 9600 4.5  0.0 2 Sr  0.4535  0.1637  0.3509 -0.0127  0.6157  0.5469  0.3027  0.7693 -0.5391  0.6676 -0.2828
 9600 4.5  0.0 2 Si  0.3665  0.1122  0.3079 -0.0510  0.5515  0.4494  0.2685  0.8268 -0.9136  1.0071 -0.3964
 9600 4.5  0.0 2 Sz  0.3554  0.0867  0.3253 -0.0809  0.5763  0.4425  0.2822  0.7532 -0.6407  0.6598 -0.2621
 9600 5.0  0.0 2 Su  0.6063  0.3111  0.3574  0.1339  0.6240  0.7011  0.3073  0.8225 -0.5864  0.9562 -0.4200
 9600 5.0  0.0 2 Sg  0.5924  0.2911  0.3648  0.1230  0.6201  0.6879  0.3093  0.6069  0.0067  0.3206 -0.1960
 9600 5.0  0.0 2 Sr  0.4530  0.1772  0.3338  0.0078  0.5880  0.5420  0.2886  0.7557 -0.5487  0.6861 -0.2838
 9600 5.0  0.0 2 Si  0.3633  0.1162  0.2991 -0.0425  0.5360  0.4438  0.2609  0.7992 -0.8638  0.9549 -0.3744
 9600 5.0  0.0 2 Sz  0.3526  0.0990  0.3070 -0.0598  0.5447  0.4348  0.2665  0.7217 -0.6172  0.6539 -0.2586
 9800 3.5  0.0 2 Su  0.5984  0.2906  0.3725  0.1087  0.6468  0.6970  0.3199  0.6488  0.0681  0.0873 -0.0495
 9800 3.5  0.0 2 Sg  0.5782  0.2424  0.4065  0.0567  0.6889  0.6845  0.3447  0.5002  0.5406 -0.4392  0.1254
 9800 3.5  0.0 2 Sr  0.4564  0.1513  0.3693 -0.0357  0.6499  0.5549  0.3193  0.7935 -0.5061  0.5732 -0.2347
 9800 3.5  0.0 2 Si  0.3744  0.1029  0.3286 -0.0737  0.5919  0.4631  0.2875  0.9017 -1.0207  1.0778 -0.4137
 9800 3.5  0.0 2 Sz  0.3627  0.0698  0.3546 -0.1177  0.6346  0.4581  0.3093  0.8747 -0.8373  0.8017 -0.3010
 9800 4.0  0.0 2 Su  0.6118  0.2886  0.3912  0.0934  0.6847  0.7158  0.3373  0.7754 -0.2181  0.3955 -0.1677
 9800 4.0  0.0 2 Sg  0.5875  0.2419  0.4184  0.0466  0.7145  0.6973  0.3561  0.6083  0.2787 -0.1530  0.0156
 9800 4.0  0.0 2 Sr  0.4600  0.1498  0.3755 -0.0412  0.6620  0.5602  0.3249  0.8266 -0.5745  0.6431 -0.2609
 9800 4.0  0.0 2 Si  0.3763  0.1016  0.3325 -0.0765  0.5981  0.4660  0.2907  0.8963 -0.9871  1.0353 -0.3970
 9800 4.0  0.0 2 Sz  0.3631  0.0720  0.3523 -0.1131  0.6289  0.4578  0.3069  0.8477 -0.7704  0.7344 -0.2766
 9800 4.5  0.0 2 Su  0.5978  0.2878  0.3752  0.0991  0.6587  0.6977  0.3239  0.8016 -0.3840  0.6054 -0.2539
 9800 4.5  0.0 2 Sg  0.5800  0.2493  0.4002  0.0640  0.6815  0.6848  0.3400  0.5900  0.2294 -0.0507 -0.0338
 9800 4.5  0.0 2 Sr  0.4483  0.1565  0.3533 -0.0214  0.6204  0.5424  0.3050  0.7690 -0.5245  0.6312 -0.2650
 9800 4.5  0.0 2 Si  0.3627  0.1085  0.3078 -0.0548  0.5515  0.4455  0.2685  0.8194 -0.8892  0.9681 -0.3788
 9800 4.5  0.0 2 Sz  0.3512  0.0815  0.3265 -0.0875  0.5794  0.4386  0.2835  0.7594 -0.6477  0.6497 -0.2541
 9800 5.0  0.0 2 Su  0.5942  0.2921  0.3656  0.1077  0.6425  0.6915  0.3156  0.8215 -0.5016  0.7682 -0.3238
 9800 5.0  0.0 2 Sg  0.5760  0.2550  0.3885  0.0750  0.6617  0.6778  0.3300  0.5994  0.1402  0.0764 -0.0877
 9800 5.0  0.0 2 Sr  0.4427  0.1573  0.3455 -0.0163  0.6063  0.5346  0.2981  0.7525 -0.5160  0.6320 -0.2671
 9800 5.0  0.0 2 Si  0.3570  0.1083  0.3011 -0.0506  0.5384  0.4379  0.2623  0.7926 -0.8492  0.9346 -0.3687
 9800 5.0  0.0 2 Sz  0.3447  0.0851  0.3142 -0.0765  0.5564  0.4288  0.2725  0.7224 -0.6029  0.6217 -0.2474
#  Teff  logg  [M/H]  Vmicro  filter  lin  quad1  quad2  sqrt1  sqrt2  log1  log2  a1  a2  a3  a4
